-0.205738 0.241834 0.132512 0.209569 0.241834 0.132512 0.210179 -0.122223 0.104696 -0.190682 -0.094346 0.089218 -0.222992 -0.117873 -0.277755 0.226953 -0.122332 -0.246248 0.209569 -0.495248 0.136064 -0.174690 -0.495248 0.136064 -0.218650 -0.495217 -0.256871 0.197203 -0.495141 -0.260098 
-0.221053 0.346393 0.120163 0.216802 0.346393 0.120163 0.216802 -0.075466 0.120163 -0.221053 -0.075466 0.120163 -0.172402 -0.075466 -0.252384 0.168151 -0.075466 -0.203733 0.216802 -0.397776 0.136820 -0.172402 -0.397776 0.136820 -0.172402 -0.397776 -0.252384 0.216802 -0.397776 -0.252384 
-0.214226 0.483307 0.259757 0.209374 0.485378 0.273308 0.162120 0.115019 0.232775 -0.175418 0.125961 0.222428 -0.211883 0.152576 -0.155084 0.205974 0.152027 -0.157883 0.175218 -0.239840 0.286431 -0.171166 -0.229884 0.262905 -0.202765 -0.220759 -0.174082 0.214919 -0.223355 -0.177367 
0.000000 0.000000 0.000000 0.000000 0.000000 0.000000 0.000000 0.000000 0.000000 0.000000 0.000000 0.000000 0.000000 0.000000 0.000000 0.000000 0.000000 0.000000 0.000000 0.000000 0.000000 0.000000 0.000000 0.000000 0.000000 0.000000 0.000000 0.000000 0.000000 0.000000 
-0.218190 0.402245 0.121146 0.193868 0.402245 0.121146 0.193087 0.030454 0.143263 -0.217406 0.018604 0.143263 -0.218190 0.024529 -0.222232 0.190801 0.013083 -0.219159 0.193868 -0.410417 0.144038 -0.218190 -0.410417 0.144038 -0.218190 -0.410417 -0.222232 0.193868 -0.410417 -0.222232 
0.000000 0.000000 0.000000 0.000000 0.000000 0.000000 0.000000 0.000000 0.000000 0.000000 0.000000 0.000000 0.000000 0.000000 0.000000 0.000000 0.000000 0.000000 0.000000 0.000000 0.000000 0.000000 0.000000 0.000000 0.000000 0.000000 0.000000 0.000000 0.000000 0.000000 
-0.170762 0.175289 0.100595 0.176849 0.176266 0.111336 0.172943 -0.176227 0.074231 -0.172714 -0.155722 0.089854 -0.172714 -0.156698 -0.315366 0.192472 -0.154745 -0.308531 0.218835 -0.567777 0.122077 -0.196149 -0.569730 0.122077 -0.195172 -0.568753 -0.335871 0.216883 -0.567777 -0.334894 
-0.209723 0.445570 0.207100 0.207413 0.445570 0.207100 0.207413 0.110597 0.207100 -0.209723 0.110597 0.207100 -0.209723 0.110597 -0.133366 0.207413 0.110597 -0.133366 0.175130 -0.358365 0.171977 -0.152727 -0.358365 0.158078 -0.153522 -0.358365 -0.098555 0.175130 -0.358365 -0.098555 
-0.172655 0.320122 0.038927 0.171441 0.320122 0.038927 0.171441 -0.032848 0.038927 -0.172655 -0.032848 0.038927 -0.172655 -0.032848 -0.222622 0.171441 -0.032848 -0.222622 0.171441 -0.491644 0.058043 -0.172655 -0.491644 0.058043 -0.172655 -0.491644 -0.222622 0.171441 -0.491644 -0.222622 
-0.230569 0.285300 0.066066 0.205738 0.285300 0.066066 0.205738 -0.019607 0.066066 -0.230569 -0.019607 0.066066 -0.230569 -0.019607 -0.363401 0.205738 -0.019607 -0.363401 0.205738 -0.367789 0.066066 -0.230569 -0.367789 0.066066 -0.230569 -0.367789 -0.363401 0.205738 -0.367789 -0.363401 
0.000000 0.000000 0.000000 0.000000 0.000000 0.000000 0.000000 0.000000 0.000000 0.000000 0.000000 0.000000 0.000000 0.000000 0.000000 0.000000 0.000000 0.000000 0.000000 0.000000 0.000000 0.000000 0.000000 0.000000 0.000000 0.000000 0.000000 0.000000 0.000000 0.000000 
-0.137075 0.195191 0.164233 0.156828 0.238647 0.121695 0.183838 -0.097549 0.007926 -0.164956 -0.095664 -0.000941 -0.207622 -0.065321 -0.364893 0.205081 -0.064982 -0.369643 0.237905 -0.311995 0.130072 -0.216526 -0.311995 0.153176 -0.259518 -0.311820 -0.317463 0.260634 -0.311820 -0.317463 
-0.158060 0.363627 0.103511 0.154397 0.363627 0.103511 0.154397 -0.059108 0.066751 -0.167250 -0.059108 0.066751 -0.185630 -0.059108 -0.273275 0.181967 -0.059108 -0.273275 0.154397 -0.463464 0.103511 -0.130490 -0.463464 0.131081 -0.147441 -0.472654 -0.264089 0.172529 -0.472654 -0.264089 
-0.138779 0.206142 0.054626 0.140873 0.206142 0.054626 0.138370 -0.252807 0.048583 -0.138779 -0.252807 0.054566 -0.145962 -0.252807 -0.182048 0.142055 -0.252807 -0.182048 0.142055 -0.643367 0.045405 -0.097567 -0.643367 0.045405 -0.097567 -0.643367 -0.182048 0.142055 -0.643367 -0.182048 
-0.200092 0.445933 0.202624 0.143025 0.435037 0.190659 0.155973 0.005869 0.089277 -0.200092 0.005869 0.089277 -0.200092 0.005869 -0.253840 0.155973 0.005869 -0.253840 0.149499 -0.363143 0.138205 -0.167722 -0.363143 0.157627 -0.167722 -0.363143 -0.247127 0.143025 -0.363143 -0.230321 
0.000000 0.000000 0.000000 0.000000 0.000000 0.000000 0.000000 0.000000 0.000000 0.000000 0.000000 0.000000 0.000000 0.000000 0.000000 0.000000 0.000000 0.000000 0.000000 0.000000 0.000000 0.000000 0.000000 0.000000 0.000000 0.000000 0.000000 0.000000 0.000000 0.000000 
0.000000 0.000000 0.000000 0.000000 0.000000 0.000000 0.000000 0.000000 0.000000 0.000000 0.000000 0.000000 0.000000 0.000000 0.000000 0.000000 0.000000 0.000000 0.000000 0.000000 0.000000 0.000000 0.000000 0.000000 0.000000 0.000000 0.000000 0.000000 0.000000 0.000000 
0.000000 0.000000 0.000000 0.000000 0.000000 0.000000 0.000000 0.000000 0.000000 0.000000 0.000000 0.000000 0.000000 0.000000 0.000000 0.000000 0.000000 0.000000 0.000000 0.000000 0.000000 0.000000 0.000000 0.000000 0.000000 0.000000 0.000000 0.000000 0.000000 0.000000 
0.000000 0.000000 0.000000 0.000000 0.000000 0.000000 0.000000 0.000000 0.000000 0.000000 0.000000 0.000000 0.000000 0.000000 0.000000 0.000000 0.000000 0.000000 0.000000 0.000000 0.000000 0.000000 0.000000 0.000000 0.000000 0.000000 0.000000 0.000000 0.000000 0.000000 
-0.219745 0.422270 0.200671 0.220396 0.424106 0.191488 0.220396 0.038317 0.162232 -0.219745 0.047682 0.162232 -0.219745 0.038317 -0.263470 0.220396 0.038317 -0.263470 0.192302 -0.330478 0.139212 -0.191651 -0.336271 0.139212 -0.191651 -0.336271 -0.235376 0.182937 -0.336271 -0.235376 
0.000000 0.000000 0.000000 0.000000 0.000000 0.000000 0.000000 0.000000 0.000000 0.000000 0.000000 0.000000 0.000000 0.000000 0.000000 0.000000 0.000000 0.000000 0.000000 0.000000 0.000000 0.000000 0.000000 0.000000 0.000000 0.000000 0.000000 0.000000 0.000000 0.000000 
0.000000 0.000000 0.000000 0.000000 0.000000 0.000000 0.000000 0.000000 0.000000 0.000000 0.000000 0.000000 0.000000 0.000000 0.000000 0.000000 0.000000 0.000000 0.000000 0.000000 0.000000 0.000000 0.000000 0.000000 0.000000 0.000000 0.000000 0.000000 0.000000 0.000000 
0.000000 0.000000 0.000000 0.000000 0.000000 0.000000 0.000000 0.000000 0.000000 0.000000 0.000000 0.000000 0.000000 0.000000 0.000000 0.000000 0.000000 0.000000 0.000000 0.000000 0.000000 0.000000 0.000000 0.000000 0.000000 0.000000 0.000000 0.000000 0.000000 0.000000 
-0.156667 0.525268 0.155996 0.156667 0.525268 0.155996 0.149270 0.081926 0.123201 -0.161350 0.070018 0.135509 -0.161350 0.070018 -0.193280 0.161350 0.070018 -0.193280 0.162216 -0.275757 0.136391 -0.162216 -0.275757 0.136391 -0.162216 -0.275757 -0.194162 0.162216 -0.275757 -0.194162 
-0.208807 0.465418 0.187939 0.217797 0.464114 0.193561 0.205947 0.067545 0.098588 -0.196957 0.067545 0.098588 -0.200132 0.071147 -0.335721 0.209122 0.071147 -0.335721 0.211872 -0.234786 0.116079 -0.196957 -0.234786 0.116079 -0.202882 -0.234632 -0.344736 0.211872 -0.234632 -0.344736 
0.000000 0.000000 0.000000 0.000000 0.000000 0.000000 0.000000 0.000000 0.000000 0.000000 0.000000 0.000000 0.000000 0.000000 0.000000 0.000000 0.000000 0.000000 0.000000 0.000000 0.000000 0.000000 0.000000 0.000000 0.000000 0.000000 0.000000 0.000000 0.000000 0.000000 
0.000000 0.000000 0.000000 0.000000 0.000000 0.000000 0.000000 0.000000 0.000000 0.000000 0.000000 0.000000 0.000000 0.000000 0.000000 0.000000 0.000000 0.000000 0.000000 0.000000 0.000000 0.000000 0.000000 0.000000 0.000000 0.000000 0.000000 0.000000 0.000000 0.000000 
-0.124717 0.474275 0.117977 0.093054 0.474275 0.143174 0.106866 0.047924 0.144843 -0.145168 0.047924 0.118827 -0.107433 0.047924 -0.186315 0.145712 0.047924 -0.157025 0.102300 -0.375080 0.143204 -0.134446 -0.372888 0.116074 -0.099601 -0.377285 -0.188109 0.134482 -0.379490 -0.160938 
0.000000 0.000000 0.000000 0.000000 0.000000 0.000000 0.000000 0.000000 0.000000 0.000000 0.000000 0.000000 0.000000 0.000000 0.000000 0.000000 0.000000 0.000000 0.000000 0.000000 0.000000 0.000000 0.000000 0.000000 0.000000 0.000000 0.000000 0.000000 0.000000 0.000000 
-0.183254 0.452479 0.084840 0.183254 0.452479 0.084840 0.183254 0.085971 0.084840 -0.183254 0.085971 0.084840 -0.183254 0.085971 -0.251126 0.183254 0.085971 -0.251126 0.183254 -0.402707 0.054298 -0.183254 -0.402707 0.054298 -0.183254 -0.402707 -0.251126 0.183254 -0.402707 -0.251126 
0.000000 0.000000 0.000000 0.000000 0.000000 0.000000 0.000000 0.000000 0.000000 0.000000 0.000000 0.000000 0.000000 0.000000 0.000000 0.000000 0.000000 0.000000 0.000000 0.000000 0.000000 0.000000 0.000000 0.000000 0.000000 0.000000 0.000000 0.000000 0.000000 0.000000 
0.000000 0.000000 0.000000 0.000000 0.000000 0.000000 0.000000 0.000000 0.000000 0.000000 0.000000 0.000000 0.000000 0.000000 0.000000 0.000000 0.000000 0.000000 0.000000 0.000000 0.000000 0.000000 0.000000 0.000000 0.000000 0.000000 0.000000 0.000000 0.000000 0.000000 
0.000000 0.000000 0.000000 0.000000 0.000000 0.000000 0.000000 0.000000 0.000000 0.000000 0.000000 0.000000 0.000000 0.000000 0.000000 0.000000 0.000000 0.000000 0.000000 0.000000 0.000000 0.000000 0.000000 0.000000 0.000000 0.000000 0.000000 0.000000 0.000000 0.000000 
-0.215126 0.322172 0.210538 0.218493 0.323139 0.211124 0.163125 -0.002948 0.104436 -0.157369 -0.005918 0.107490 -0.182338 0.013242 -0.225361 0.192206 0.007019 -0.222711 0.247492 -0.344590 0.184240 -0.243738 -0.338852 0.171080 -0.248020 -0.341151 -0.251203 0.252347 -0.336132 -0.263394 
0.000000 0.000000 0.000000 0.000000 0.000000 0.000000 0.000000 0.000000 0.000000 0.000000 0.000000 0.000000 0.000000 0.000000 0.000000 0.000000 0.000000 0.000000 0.000000 0.000000 0.000000 0.000000 0.000000 0.000000 0.000000 0.000000 0.000000 0.000000 0.000000 0.000000 
-0.210071 0.270996 0.033817 0.197264 0.270996 0.033817 0.197264 -0.005818 0.033817 -0.210071 -0.005818 0.033817 -0.210071 -0.005818 -0.242819 0.197264 -0.005818 -0.242819 0.197264 -0.442640 0.033817 -0.210071 -0.442640 0.033817 -0.210071 -0.442640 -0.242819 0.197264 -0.442640 -0.242819 
-0.225735 0.284588 0.227776 0.255053 0.285063 0.220303 0.211829 -0.018296 0.179558 -0.179701 -0.029850 0.179558 -0.179701 -0.029850 -0.219740 0.214308 -0.028298 -0.219740 0.255053 -0.448208 0.224707 -0.225735 -0.448208 0.228585 -0.225735 -0.448208 -0.195160 0.255053 -0.448208 -0.219740 
-0.259972 0.241495 0.267706 0.279999 0.242759 0.269536 0.227110 -0.063007 0.177618 -0.216342 -0.063007 0.177618 -0.227858 -0.050617 -0.235197 0.238706 -0.046311 -0.220294 0.254307 -0.374027 0.228486 -0.247031 -0.374027 0.235298 -0.263293 -0.373513 -0.218861 0.267814 -0.373513 -0.236858 
0.000000 0.000000 0.000000 0.000000 0.000000 0.000000 0.000000 0.000000 0.000000 0.000000 0.000000 0.000000 0.000000 0.000000 0.000000 0.000000 0.000000 0.000000 0.000000 0.000000 0.000000 0.000000 0.000000 0.000000 0.000000 0.000000 0.000000 0.000000 0.000000 0.000000 
0.000000 0.000000 0.000000 0.000000 0.000000 0.000000 0.000000 0.000000 0.000000 0.000000 0.000000 0.000000 0.000000 0.000000 0.000000 0.000000 0.000000 0.000000 0.000000 0.000000 0.000000 0.000000 0.000000 0.000000 0.000000 0.000000 0.000000 0.000000 0.000000 0.000000 
0.000000 0.000000 0.000000 0.000000 0.000000 0.000000 0.000000 0.000000 0.000000 0.000000 0.000000 0.000000 0.000000 0.000000 0.000000 0.000000 0.000000 0.000000 0.000000 0.000000 0.000000 0.000000 0.000000 0.000000 0.000000 0.000000 0.000000 0.000000 0.000000 0.000000 
-0.079845 0.341572 0.146822 0.129851 0.341920 0.107656 0.161297 -0.048839 0.055325 -0.128565 -0.048839 0.109568 -0.185672 -0.048839 -0.195580 0.104190 -0.048839 -0.249823 0.130309 -0.445809 0.023331 -0.111243 -0.445809 0.068535 -0.159223 -0.445809 -0.187845 0.082329 -0.445809 -0.233049 
-0.190917 0.417565 0.087140 0.189950 0.407097 0.119595 0.189950 -0.018576 0.061102 -0.190917 -0.018576 0.061102 -0.190917 -0.018576 -0.306079 0.189950 -0.063384 -0.306079 0.189950 -0.399443 0.085989 -0.190917 -0.399443 0.085989 -0.190917 -0.399443 -0.306079 0.189950 -0.399443 -0.306079 
-0.188641 0.410110 0.165157 0.192253 0.408514 0.169363 0.199376 0.040627 0.119578 -0.196637 0.040525 0.119579 -0.196638 0.040494 -0.230609 0.200812 0.032465 -0.231735 0.196381 -0.379233 0.155392 -0.194090 -0.379339 0.154263 -0.195098 -0.379197 -0.240386 0.195135 -0.379096 -0.241514 
0.000000 0.000000 0.000000 0.000000 0.000000 0.000000 0.000000 0.000000 0.000000 0.000000 0.000000 0.000000 0.000000 0.000000 0.000000 0.000000 0.000000 0.000000 0.000000 0.000000 0.000000 0.000000 0.000000 0.000000 0.000000 0.000000 0.000000 0.000000 0.000000 0.000000 
0.000000 0.000000 0.000000 0.000000 0.000000 0.000000 0.000000 0.000000 0.000000 0.000000 0.000000 0.000000 0.000000 0.000000 0.000000 0.000000 0.000000 0.000000 0.000000 0.000000 0.000000 0.000000 0.000000 0.000000 0.000000 0.000000 0.000000 0.000000 0.000000 0.000000 
0.000000 0.000000 0.000000 0.000000 0.000000 0.000000 0.000000 0.000000 0.000000 0.000000 0.000000 0.000000 0.000000 0.000000 0.000000 0.000000 0.000000 0.000000 0.000000 0.000000 0.000000 0.000000 0.000000 0.000000 0.000000 0.000000 0.000000 0.000000 0.000000 0.000000 
0.000000 0.000000 0.000000 0.000000 0.000000 0.000000 0.000000 0.000000 0.000000 0.000000 0.000000 0.000000 0.000000 0.000000 0.000000 0.000000 0.000000 0.000000 0.000000 0.000000 0.000000 0.000000 0.000000 0.000000 0.000000 0.000000 0.000000 0.000000 0.000000 0.000000 
-0.163192 0.329467 0.167095 0.161540 0.329866 0.168897 0.115855 -0.009344 0.130399 -0.120499 -0.010442 0.129764 -0.147932 0.001521 -0.198948 0.147434 0.000392 -0.197328 0.145908 -0.407707 0.228496 -0.148176 -0.407707 0.228498 -0.189981 -0.407707 -0.213581 0.187703 -0.407707 -0.213586 
-0.152325 0.232019 0.049145 0.146831 0.233106 0.033991 0.178282 -0.130737 -0.011212 -0.174557 -0.130737 -0.011212 -0.174557 -0.130737 -0.350901 0.178282 -0.130737 -0.350901 0.182985 -0.549214 0.032927 -0.182422 -0.549214 0.033734 -0.165439 -0.549214 -0.338186 0.169164 -0.549214 -0.338186 
0.000000 0.000000 0.000000 0.000000 0.000000 0.000000 0.000000 0.000000 0.000000 0.000000 0.000000 0.000000 0.000000 0.000000 0.000000 0.000000 0.000000 0.000000 0.000000 0.000000 0.000000 0.000000 0.000000 0.000000 0.000000 0.000000 0.000000 0.000000 0.000000 0.000000 
-0.212919 0.397350 0.116374 0.214306 0.397350 0.099308 0.214306 0.036863 0.072373 -0.212919 0.036863 0.072373 -0.212919 0.036863 -0.284265 0.214306 0.036863 -0.284265 0.234796 -0.299157 0.088824 -0.217482 -0.300757 0.093165 -0.232576 -0.299157 -0.273284 0.227798 -0.299807 -0.272828 
-0.164370 0.353425 0.204326 0.163837 0.353425 0.204326 0.163837 -0.028331 0.103140 -0.164370 -0.028331 0.103140 -0.164370 -0.029701 -0.291795 0.163837 -0.029701 -0.291795 0.163837 -0.414717 0.184882 -0.164370 -0.414717 0.184882 -0.164370 -0.405617 -0.345437 0.163837 -0.405617 -0.345437 
0.000000 0.000000 0.000000 0.000000 0.000000 0.000000 0.000000 0.000000 0.000000 0.000000 0.000000 0.000000 0.000000 0.000000 0.000000 0.000000 0.000000 0.000000 0.000000 0.000000 0.000000 0.000000 0.000000 0.000000 0.000000 0.000000 0.000000 0.000000 0.000000 0.000000 
-0.165097 0.188927 -0.032553 0.185598 0.188927 -0.046518 0.164654 -0.180704 0.002350 -0.194931 -0.194946 0.010216 -0.194931 -0.194946 -0.257829 0.172332 -0.216124 -0.246045 0.172332 -0.554877 -0.045335 -0.180953 -0.554877 -0.045335 -0.180953 -0.554877 -0.247861 0.172332 -0.554877 -0.246045 
-0.174017 0.507679 0.131408 0.172454 0.507679 0.131408 0.170721 0.124074 0.123115 -0.172285 0.124074 0.123115 -0.172285 0.100462 -0.209953 0.172454 0.099875 -0.211584 0.180736 -0.344550 0.138994 -0.176338 -0.346011 0.133045 -0.178499 -0.346401 -0.199981 0.174909 -0.346908 -0.203661 
0.000000 0.000000 0.000000 0.000000 0.000000 0.000000 0.000000 0.000000 0.000000 0.000000 0.000000 0.000000 0.000000 0.000000 0.000000 0.000000 0.000000 0.000000 0.000000 0.000000 0.000000 0.000000 0.000000 0.000000 0.000000 0.000000 0.000000 0.000000 0.000000 0.000000 
0.000000 0.000000 0.000000 0.000000 0.000000 0.000000 0.000000 0.000000 0.000000 0.000000 0.000000 0.000000 0.000000 0.000000 0.000000 0.000000 0.000000 0.000000 0.000000 0.000000 0.000000 0.000000 0.000000 0.000000 0.000000 0.000000 0.000000 0.000000 0.000000 0.000000 
-0.206089 0.334020 0.142856 0.204536 0.334020 0.142856 0.204536 -0.109650 0.054524 -0.206089 -0.109650 0.054524 -0.206089 -0.109650 -0.291075 0.204536 -0.109650 -0.291075 0.204536 -0.424176 0.060791 -0.206089 -0.424176 0.060791 -0.206089 -0.424176 -0.291075 0.204536 -0.424176 -0.291075 
-0.203985 0.404980 0.219445 0.204187 0.404980 0.219445 0.204187 0.078907 0.178256 -0.203985 0.078907 0.178256 -0.198879 0.078907 -0.149944 0.193993 0.078907 -0.150684 0.204187 -0.331768 0.178256 -0.203985 -0.331768 0.178256 -0.198879 -0.331768 -0.149944 0.199477 -0.331768 -0.152956 
0.000000 0.000000 0.000000 0.000000 0.000000 0.000000 0.000000 0.000000 0.000000 0.000000 0.000000 0.000000 0.000000 0.000000 0.000000 0.000000 0.000000 0.000000 0.000000 0.000000 0.000000 0.000000 0.000000 0.000000 0.000000 0.000000 0.000000 0.000000 0.000000 0.000000 
0.000000 0.000000 0.000000 0.000000 0.000000 0.000000 0.000000 0.000000 0.000000 0.000000 0.000000 0.000000 0.000000 0.000000 0.000000 0.000000 0.000000 0.000000 0.000000 0.000000 0.000000 0.000000 0.000000 0.000000 0.000000 0.000000 0.000000 0.000000 0.000000 0.000000 
0.000000 0.000000 0.000000 0.000000 0.000000 0.000000 0.000000 0.000000 0.000000 0.000000 0.000000 0.000000 0.000000 0.000000 0.000000 0.000000 0.000000 0.000000 0.000000 0.000000 0.000000 0.000000 0.000000 0.000000 0.000000 0.000000 0.000000 0.000000 0.000000 0.000000 
-0.198237 0.348421 0.123966 0.192805 0.348421 0.123966 0.192805 -0.025796 0.096891 -0.198237 -0.025796 0.096891 -0.198237 -0.025796 -0.383884 0.192805 -0.025796 -0.383884 0.192805 -0.419157 0.123966 -0.198237 -0.419157 0.123966 -0.198237 -0.419157 -0.357582 0.192805 -0.419157 -0.383884 
0.000000 0.000000 0.000000 0.000000 0.000000 0.000000 0.000000 0.000000 0.000000 0.000000 0.000000 0.000000 0.000000 0.000000 0.000000 0.000000 0.000000 0.000000 0.000000 0.000000 0.000000 0.000000 0.000000 0.000000 0.000000 0.000000 0.000000 0.000000 0.000000 0.000000 
-0.181015 0.211431 0.101814 0.180412 0.207180 0.106094 0.169883 -0.096132 0.017472 -0.159884 -0.101845 0.029623 -0.182236 -0.138980 -0.267076 0.179050 -0.101845 -0.288939 0.208113 -0.441809 0.171999 -0.196365 -0.441751 0.184876 -0.202110 -0.450721 -0.358155 0.202884 -0.446053 -0.374942 
-0.168747 0.152963 0.078435 0.161692 0.153706 0.077336 0.146369 -0.158492 -0.018122 -0.143739 -0.158492 -0.011298 -0.161770 -0.163217 -0.278781 0.144215 -0.163217 -0.283503 0.204370 -0.584063 0.053003 -0.213308 -0.587283 0.052167 -0.214518 -0.587261 -0.357223 0.204069 -0.584145 -0.358347 
0.000000 0.000000 0.000000 0.000000 0.000000 0.000000 0.000000 0.000000 0.000000 0.000000 0.000000 0.000000 0.000000 0.000000 0.000000 0.000000 0.000000 0.000000 0.000000 0.000000 0.000000 0.000000 0.000000 0.000000 0.000000 0.000000 0.000000 0.000000 0.000000 0.000000 
0.000000 0.000000 0.000000 0.000000 0.000000 0.000000 0.000000 0.000000 0.000000 0.000000 0.000000 0.000000 0.000000 0.000000 0.000000 0.000000 0.000000 0.000000 0.000000 0.000000 0.000000 0.000000 0.000000 0.000000 0.000000 0.000000 0.000000 0.000000 0.000000 0.000000 
0.000000 0.000000 0.000000 0.000000 0.000000 0.000000 0.000000 0.000000 0.000000 0.000000 0.000000 0.000000 0.000000 0.000000 0.000000 0.000000 0.000000 0.000000 0.000000 0.000000 0.000000 0.000000 0.000000 0.000000 0.000000 0.000000 0.000000 0.000000 0.000000 0.000000 
0.000000 0.000000 0.000000 0.000000 0.000000 0.000000 0.000000 0.000000 0.000000 0.000000 0.000000 0.000000 0.000000 0.000000 0.000000 0.000000 0.000000 0.000000 0.000000 0.000000 0.000000 0.000000 0.000000 0.000000 0.000000 0.000000 0.000000 0.000000 0.000000 0.000000 
-0.182286 0.237017 0.041086 0.180461 0.237017 0.041086 0.180660 -0.143349 0.041086 -0.182485 -0.143349 0.041086 -0.182485 -0.143349 -0.272690 0.180660 -0.143349 -0.272690 0.180660 -0.464424 0.023143 -0.182485 -0.464424 0.023143 -0.182485 -0.464424 -0.272690 0.180660 -0.464424 -0.272690 
0.000000 0.000000 0.000000 0.000000 0.000000 0.000000 0.000000 0.000000 0.000000 0.000000 0.000000 0.000000 0.000000 0.000000 0.000000 0.000000 0.000000 0.000000 0.000000 0.000000 0.000000 0.000000 0.000000 0.000000 0.000000 0.000000 0.000000 0.000000 0.000000 0.000000 
-0.248471 0.337587 0.131659 0.245522 0.337587 0.131659 0.249322 0.104895 0.093909 -0.244503 0.106505 0.086255 -0.250263 0.103372 -0.382117 0.247314 0.103372 -0.382117 0.258315 -0.140235 0.082780 -0.261264 -0.140235 0.082780 -0.256660 -0.166390 -0.385810 0.253711 -0.166390 -0.385810 
-0.142900 0.367046 0.215825 0.143341 0.365632 0.208524 0.153616 -0.026582 0.113944 -0.153968 -0.026582 0.113944 -0.188693 -0.031302 -0.205713 0.188854 -0.042697 -0.210434 0.148562 -0.426417 0.219071 -0.148914 -0.426417 0.219071 -0.184553 -0.426417 -0.230975 0.184416 -0.426417 -0.230975 
0.000000 0.000000 0.000000 0.000000 0.000000 0.000000 0.000000 0.000000 0.000000 0.000000 0.000000 0.000000 0.000000 0.000000 0.000000 0.000000 0.000000 0.000000 0.000000 0.000000 0.000000 0.000000 0.000000 0.000000 0.000000 0.000000 0.000000 0.000000 0.000000 0.000000 
0.000000 0.000000 0.000000 0.000000 0.000000 0.000000 0.000000 0.000000 0.000000 0.000000 0.000000 0.000000 0.000000 0.000000 0.000000 0.000000 0.000000 0.000000 0.000000 0.000000 0.000000 0.000000 0.000000 0.000000 0.000000 0.000000 0.000000 0.000000 0.000000 0.000000 
0.000000 0.000000 0.000000 0.000000 0.000000 0.000000 0.000000 0.000000 0.000000 0.000000 0.000000 0.000000 0.000000 0.000000 0.000000 0.000000 0.000000 0.000000 0.000000 0.000000 0.000000 0.000000 0.000000 0.000000 0.000000 0.000000 0.000000 0.000000 0.000000 0.000000 
0.000000 0.000000 0.000000 0.000000 0.000000 0.000000 0.000000 0.000000 0.000000 0.000000 0.000000 0.000000 0.000000 0.000000 0.000000 0.000000 0.000000 0.000000 0.000000 0.000000 0.000000 0.000000 0.000000 0.000000 0.000000 0.000000 0.000000 0.000000 0.000000 0.000000 
0.000000 0.000000 0.000000 0.000000 0.000000 0.000000 0.000000 0.000000 0.000000 0.000000 0.000000 0.000000 0.000000 0.000000 0.000000 0.000000 0.000000 0.000000 0.000000 0.000000 0.000000 0.000000 0.000000 0.000000 0.000000 0.000000 0.000000 0.000000 0.000000 0.000000 
0.000000 0.000000 0.000000 0.000000 0.000000 0.000000 0.000000 0.000000 0.000000 0.000000 0.000000 0.000000 0.000000 0.000000 0.000000 0.000000 0.000000 0.000000 0.000000 0.000000 0.000000 0.000000 0.000000 0.000000 0.000000 0.000000 0.000000 0.000000 0.000000 0.000000 
0.000000 0.000000 0.000000 0.000000 0.000000 0.000000 0.000000 0.000000 0.000000 0.000000 0.000000 0.000000 0.000000 0.000000 0.000000 0.000000 0.000000 0.000000 0.000000 0.000000 0.000000 0.000000 0.000000 0.000000 0.000000 0.000000 0.000000 0.000000 0.000000 0.000000 
-0.169627 0.510010 0.177940 0.173055 0.510010 0.177940 0.167701 0.049530 0.097624 -0.164273 0.049530 0.097624 -0.169627 0.060239 -0.207577 0.167701 0.049530 -0.170097 0.173055 -0.346696 0.097624 -0.169627 -0.346696 0.097624 -0.169627 -0.346696 -0.207577 0.173055 -0.346696 -0.207577 
0.000000 0.000000 0.000000 0.000000 0.000000 0.000000 0.000000 0.000000 0.000000 0.000000 0.000000 0.000000 0.000000 0.000000 0.000000 0.000000 0.000000 0.000000 0.000000 0.000000 0.000000 0.000000 0.000000 0.000000 0.000000 0.000000 0.000000 0.000000 0.000000 0.000000 
-0.201785 0.357219 0.165702 0.198336 0.357219 0.165702 0.198336 -0.049724 0.066048 -0.201785 -0.049724 0.066048 -0.201785 -0.049724 -0.315351 0.198336 -0.049724 -0.315351 0.185247 -0.384306 0.105683 -0.188697 -0.384306 0.105683 -0.188697 -0.403987 -0.327305 0.185247 -0.403987 -0.327305 
0.000000 0.000000 0.000000 0.000000 0.000000 0.000000 0.000000 0.000000 0.000000 0.000000 0.000000 0.000000 0.000000 0.000000 0.000000 0.000000 0.000000 0.000000 0.000000 0.000000 0.000000 0.000000 0.000000 0.000000 0.000000 0.000000 0.000000 0.000000 0.000000 0.000000 
-0.160074 0.273336 0.075640 0.160074 0.273336 0.075640 0.121501 -0.064836 0.074964 -0.159168 -0.064836 0.040135 -0.200358 -0.064836 -0.247083 0.200358 -0.064836 -0.247083 0.201382 -0.513768 0.133004 -0.201382 -0.513768 0.133004 -0.195448 -0.513768 -0.237264 0.195448 -0.513768 -0.237264 
-0.211123 0.230262 0.139271 0.193794 0.217727 0.169535 0.211025 -0.172884 0.095777 -0.211123 -0.172571 0.116271 -0.211123 -0.174873 -0.202189 0.211025 -0.187042 -0.202859 0.211025 -0.543340 0.138402 -0.193893 -0.543340 0.138402 -0.193893 -0.543340 -0.269139 0.211025 -0.543340 -0.269139 
0.000000 0.000000 0.000000 0.000000 0.000000 0.000000 0.000000 0.000000 0.000000 0.000000 0.000000 0.000000 0.000000 0.000000 0.000000 0.000000 0.000000 0.000000 0.000000 0.000000 0.000000 0.000000 0.000000 0.000000 0.000000 0.000000 0.000000 0.000000 0.000000 0.000000 
-0.158798 0.377722 0.225578 0.144654 0.375532 0.241384 0.204476 0.121668 0.088901 -0.205251 0.130606 0.068272 -0.274026 0.158824 -0.150189 0.286749 0.164918 -0.132143 0.113782 -0.217949 0.221970 -0.128771 -0.223946 0.224390 -0.252817 -0.213151 -0.194310 0.270021 -0.212099 -0.174535 
0.000000 0.000000 0.000000 0.000000 0.000000 0.000000 0.000000 0.000000 0.000000 0.000000 0.000000 0.000000 0.000000 0.000000 0.000000 0.000000 0.000000 0.000000 0.000000 0.000000 0.000000 0.000000 0.000000 0.000000 0.000000 0.000000 0.000000 0.000000 0.000000 0.000000 
0.000000 0.000000 0.000000 0.000000 0.000000 0.000000 0.000000 0.000000 0.000000 0.000000 0.000000 0.000000 0.000000 0.000000 0.000000 0.000000 0.000000 0.000000 0.000000 0.000000 0.000000 0.000000 0.000000 0.000000 0.000000 0.000000 0.000000 0.000000 0.000000 0.000000 
-0.171560 0.269557 0.325094 0.213929 0.269557 0.298744 0.118623 0.029891 0.215770 -0.113770 0.029891 0.201192 -0.188236 0.029768 -0.070125 0.177160 0.034648 -0.104096 0.132242 -0.209773 0.227510 -0.128788 -0.209773 0.211134 -0.221557 -0.209773 -0.117879 0.204207 -0.209773 -0.140927 
0.000000 0.000000 0.000000 0.000000 0.000000 0.000000 0.000000 0.000000 0.000000 0.000000 0.000000 0.000000 0.000000 0.000000 0.000000 0.000000 0.000000 0.000000 0.000000 0.000000 0.000000 0.000000 0.000000 0.000000 0.000000 0.000000 0.000000 0.000000 0.000000 0.000000 
-0.214557 0.489433 0.143206 0.206414 0.489433 0.143206 0.206414 0.051975 0.093024 -0.214557 0.051975 0.093024 -0.214557 0.051975 -0.277765 0.206414 0.051975 -0.277765 0.206414 -0.314038 0.093030 -0.214557 -0.314038 0.093030 -0.214557 -0.314038 -0.277765 0.206414 -0.314038 -0.277765 
-0.243849 0.240270 0.083685 0.250218 0.240270 0.083685 0.263981 0.032898 0.047710 -0.275071 0.017882 0.073123 -0.310376 0.032898 -0.244907 0.297410 0.017882 -0.249463 0.250218 -0.405972 0.027145 -0.250312 -0.405972 0.027145 -0.250312 -0.405972 -0.233131 0.250218 -0.405972 -0.233131 
-0.128458 0.262261 0.290032 0.132445 0.262261 0.290032 0.125146 -0.045374 0.194869 -0.121159 -0.045374 0.194869 -0.214295 0.034152 -0.224203 0.217805 0.028211 -0.231523 0.209357 -0.275582 0.307376 -0.205370 -0.275582 0.307376 -0.237106 -0.272357 -0.234496 0.241093 -0.272357 -0.234496 
0.000000 0.000000 0.000000 0.000000 0.000000 0.000000 0.000000 0.000000 0.000000 0.000000 0.000000 0.000000 0.000000 0.000000 0.000000 0.000000 0.000000 0.000000 0.000000 0.000000 0.000000 0.000000 0.000000 0.000000 0.000000 0.000000 0.000000 0.000000 0.000000 0.000000 
0.000000 0.000000 0.000000 0.000000 0.000000 0.000000 0.000000 0.000000 0.000000 0.000000 0.000000 0.000000 0.000000 0.000000 0.000000 0.000000 0.000000 0.000000 0.000000 0.000000 0.000000 0.000000 0.000000 0.000000 0.000000 0.000000 0.000000 0.000000 0.000000 0.000000 
-0.180907 0.505787 0.237744 0.180329 0.504390 0.235271 0.166734 0.137398 0.140506 -0.160158 0.137398 0.140506 -0.167311 0.077306 -0.182409 0.180329 0.077306 -0.167437 0.169164 -0.246987 0.121147 -0.134056 -0.248076 0.120358 -0.172061 -0.250663 -0.173587 0.170449 -0.251998 -0.173419 
-0.211530 0.261412 0.063662 0.206567 0.261412 0.063662 0.206567 -0.064417 0.063662 -0.211530 -0.064417 0.063662 -0.211530 -0.064417 -0.275328 0.206567 -0.064417 -0.275328 0.206567 -0.399758 0.056415 -0.211530 -0.397599 0.056415 -0.211530 -0.443654 -0.275328 0.206567 -0.440056 -0.275328 
-0.158552 0.446012 0.115056 0.166256 0.446012 0.115056 0.177551 0.017407 0.126350 -0.169744 0.002187 0.126350 -0.169744 0.017407 -0.220946 0.166256 0.001172 -0.209153 0.166256 -0.388469 0.115056 -0.126082 -0.388469 0.115056 -0.126082 -0.388469 -0.177527 0.166256 -0.388469 -0.209153 
0.000000 0.000000 0.000000 0.000000 0.000000 0.000000 0.000000 0.000000 0.000000 0.000000 0.000000 0.000000 0.000000 0.000000 0.000000 0.000000 0.000000 0.000000 0.000000 0.000000 0.000000 0.000000 0.000000 0.000000 0.000000 0.000000 0.000000 0.000000 0.000000 0.000000 
-0.242188 0.470407 0.187000 0.242063 0.470407 0.187000 0.242063 0.070146 0.137512 -0.220929 0.097990 0.109283 -0.242188 0.070146 -0.232254 0.220700 0.070146 -0.198101 0.242063 -0.297530 0.123746 -0.242188 -0.297530 0.123746 -0.242188 -0.297530 -0.232254 0.242063 -0.297530 -0.232254 
-0.174078 0.531717 0.104447 0.174078 0.531717 0.139262 0.174078 0.113930 0.104447 -0.174078 0.113930 0.104447 -0.174078 0.113930 -0.208893 0.174078 0.113930 -0.208893 0.139262 -0.164569 0.069631 -0.104447 -0.164569 0.069631 -0.104447 -0.164569 -0.174078 0.139262 -0.164569 -0.139262 
0.000000 0.000000 0.000000 0.000000 0.000000 0.000000 0.000000 0.000000 0.000000 0.000000 0.000000 0.000000 0.000000 0.000000 0.000000 0.000000 0.000000 0.000000 0.000000 0.000000 0.000000 0.000000 0.000000 0.000000 0.000000 0.000000 0.000000 0.000000 0.000000 0.000000 
0.000000 0.000000 0.000000 0.000000 0.000000 0.000000 0.000000 0.000000 0.000000 0.000000 0.000000 0.000000 0.000000 0.000000 0.000000 0.000000 0.000000 0.000000 0.000000 0.000000 0.000000 0.000000 0.000000 0.000000 0.000000 0.000000 0.000000 0.000000 0.000000 0.000000 
0.000000 0.000000 0.000000 0.000000 0.000000 0.000000 0.000000 0.000000 0.000000 0.000000 0.000000 0.000000 0.000000 0.000000 0.000000 0.000000 0.000000 0.000000 0.000000 0.000000 0.000000 0.000000 0.000000 0.000000 0.000000 0.000000 0.000000 0.000000 0.000000 0.000000 
-0.163936 0.284604 0.117710 0.164322 0.290787 0.122837 0.157499 0.020921 0.117168 -0.156208 0.033958 0.117168 -0.160559 0.044017 -0.198641 0.139553 0.005200 -0.135925 0.163493 -0.547525 0.075614 -0.148101 -0.547525 0.058070 -0.155543 -0.557941 -0.199953 0.156833 -0.557941 -0.199953 
0.000000 0.000000 0.000000 0.000000 0.000000 0.000000 0.000000 0.000000 0.000000 0.000000 0.000000 0.000000 0.000000 0.000000 0.000000 0.000000 0.000000 0.000000 0.000000 0.000000 0.000000 0.000000 0.000000 0.000000 0.000000 0.000000 0.000000 0.000000 0.000000 0.000000 
0.000000 0.000000 0.000000 0.000000 0.000000 0.000000 0.000000 0.000000 0.000000 0.000000 0.000000 0.000000 0.000000 0.000000 0.000000 0.000000 0.000000 0.000000 0.000000 0.000000 0.000000 0.000000 0.000000 0.000000 0.000000 0.000000 0.000000 0.000000 0.000000 0.000000 
0.000000 0.000000 0.000000 0.000000 0.000000 0.000000 0.000000 0.000000 0.000000 0.000000 0.000000 0.000000 0.000000 0.000000 0.000000 0.000000 0.000000 0.000000 0.000000 0.000000 0.000000 0.000000 0.000000 0.000000 0.000000 0.000000 0.000000 0.000000 0.000000 0.000000 
-0.168435 0.500095 0.173051 0.168263 0.496951 0.173755 0.171030 0.279296 0.124816 -0.166061 0.276804 0.127967 -0.170181 0.279888 -0.171669 0.172499 0.272590 -0.171335 0.202809 -0.332512 0.158681 -0.179881 -0.325095 0.166210 -0.185809 -0.323341 -0.178446 0.190146 -0.327981 -0.178446 
-0.166879 0.286704 0.106724 0.112265 0.285813 0.106167 0.187390 -0.110449 0.069132 -0.217490 -0.110449 0.069132 -0.217490 -0.110449 -0.319335 0.184706 -0.113136 -0.319335 0.187390 -0.409029 0.069132 -0.217490 -0.403558 0.069132 -0.217490 -0.403558 -0.319335 0.187390 -0.403558 -0.319335 
0.000000 0.000000 0.000000 0.000000 0.000000 0.000000 0.000000 0.000000 0.000000 0.000000 0.000000 0.000000 0.000000 0.000000 0.000000 0.000000 0.000000 0.000000 0.000000 0.000000 0.000000 0.000000 0.000000 0.000000 0.000000 0.000000 0.000000 0.000000 0.000000 0.000000 
-0.170269 0.446327 0.220946 0.188019 0.446327 0.200553 0.188019 0.054156 0.087603 -0.170269 0.065188 0.076479 -0.170269 0.055976 -0.250193 0.188019 0.054244 -0.254094 0.180080 -0.287742 0.119425 -0.154914 -0.288201 0.115790 -0.154565 -0.287477 -0.191553 0.158236 -0.288812 -0.175997 
0.000000 0.000000 0.000000 0.000000 0.000000 0.000000 0.000000 0.000000 0.000000 0.000000 0.000000 0.000000 0.000000 0.000000 0.000000 0.000000 0.000000 0.000000 0.000000 0.000000 0.000000 0.000000 0.000000 0.000000 0.000000 0.000000 0.000000 0.000000 0.000000 0.000000 
0.000000 0.000000 0.000000 0.000000 0.000000 0.000000 0.000000 0.000000 0.000000 0.000000 0.000000 0.000000 0.000000 0.000000 0.000000 0.000000 0.000000 0.000000 0.000000 0.000000 0.000000 0.000000 0.000000 0.000000 0.000000 0.000000 0.000000 0.000000 0.000000 0.000000 
-0.177379 0.324624 0.237603 0.176091 0.320340 0.239649 0.174383 -0.019003 0.107127 -0.176387 -0.011599 0.103800 -0.178254 -0.003988 -0.283480 0.181910 -0.020990 -0.286918 0.152968 -0.421251 0.172816 -0.154256 -0.421251 0.172816 -0.179306 -0.419323 -0.262877 0.176091 -0.421250 -0.266827 
0.000000 0.000000 0.000000 0.000000 0.000000 0.000000 0.000000 0.000000 0.000000 0.000000 0.000000 0.000000 0.000000 0.000000 0.000000 0.000000 0.000000 0.000000 0.000000 0.000000 0.000000 0.000000 0.000000 0.000000 0.000000 0.000000 0.000000 0.000000 0.000000 0.000000 
0.000000 0.000000 0.000000 0.000000 0.000000 0.000000 0.000000 0.000000 0.000000 0.000000 0.000000 0.000000 0.000000 0.000000 0.000000 0.000000 0.000000 0.000000 0.000000 0.000000 0.000000 0.000000 0.000000 0.000000 0.000000 0.000000 0.000000 0.000000 0.000000 0.000000 
-0.114732 0.438893 0.320888 0.123543 0.438893 0.320888 0.130876 -0.035800 0.042036 -0.122271 -0.028598 0.043883 -0.122271 0.047325 -0.281917 0.130876 0.054527 -0.280069 0.227394 -0.132287 0.046619 -0.218705 -0.132287 0.046619 -0.185247 -0.186934 -0.240827 0.193937 -0.186562 -0.240827 
-0.309562 0.304077 0.319512 0.284654 0.304077 0.319512 0.201650 0.093065 0.200253 -0.229820 0.073859 0.195717 -0.237757 -0.019864 -0.218565 0.202286 -0.019864 -0.218565 0.284654 -0.255464 0.259196 -0.309562 -0.255464 0.259196 -0.312187 -0.239513 -0.233054 0.284654 -0.258285 -0.218565 
-0.188131 0.584639 0.102241 0.191306 0.584639 0.102241 0.165265 0.083911 0.083687 -0.188131 0.066890 0.134965 -0.188131 0.066890 -0.195961 0.174288 0.083911 -0.178939 0.182234 -0.268974 0.104207 -0.179229 -0.268974 0.104207 -0.179229 -0.268974 -0.186680 0.182234 -0.268974 -0.186885 
0.000000 0.000000 0.000000 0.000000 0.000000 0.000000 0.000000 0.000000 0.000000 0.000000 0.000000 0.000000 0.000000 0.000000 0.000000 0.000000 0.000000 0.000000 0.000000 0.000000 0.000000 0.000000 0.000000 0.000000 0.000000 0.000000 0.000000 0.000000 0.000000 0.000000 
-0.099332 0.520701 0.164530 0.079266 0.520701 0.164530 0.137113 0.014623 0.077187 -0.158497 0.015161 0.078643 -0.159533 0.010940 -0.177224 0.130524 0.007234 -0.177820 0.143848 -0.335778 0.166283 -0.163775 -0.335778 0.166283 -0.163775 -0.335778 -0.181465 0.143810 -0.335778 -0.181465 
-0.179794 0.398749 0.176615 0.201152 0.398749 0.176615 0.199822 -0.018664 0.095974 -0.169758 -0.011233 0.091929 -0.171996 -0.014816 -0.292330 0.189873 -0.005179 -0.283649 0.201152 -0.396270 0.093801 -0.179794 -0.396270 0.093801 -0.179794 -0.396270 -0.270583 0.201152 -0.396270 -0.295428 
0.000000 0.000000 0.000000 0.000000 0.000000 0.000000 0.000000 0.000000 0.000000 0.000000 0.000000 0.000000 0.000000 0.000000 0.000000 0.000000 0.000000 0.000000 0.000000 0.000000 0.000000 0.000000 0.000000 0.000000 0.000000 0.000000 0.000000 0.000000 0.000000 0.000000 
-0.142753 0.436097 0.075360 0.142586 0.436097 0.075360 0.154216 -0.020363 0.075360 -0.154383 -0.020363 0.075360 -0.154383 -0.020363 -0.197310 0.143064 -0.020363 -0.186158 0.154216 -0.373738 0.078924 -0.154383 -0.373738 0.074410 -0.154383 -0.373738 -0.197310 0.154216 -0.373738 -0.197310 
0.000000 0.000000 0.000000 0.000000 0.000000 0.000000 0.000000 0.000000 0.000000 0.000000 0.000000 0.000000 0.000000 0.000000 0.000000 0.000000 0.000000 0.000000 0.000000 0.000000 0.000000 0.000000 0.000000 0.000000 0.000000 0.000000 0.000000 0.000000 0.000000 0.000000 
-0.172546 0.255468 0.043985 0.170977 0.255468 0.043985 0.170977 -0.115961 0.043985 -0.172546 -0.115961 0.043985 -0.172546 -0.115961 -0.241483 0.170977 -0.115961 -0.241483 0.170977 -0.573993 0.041996 -0.149324 -0.573993 0.041996 -0.141922 -0.573993 -0.241483 0.170977 -0.573993 -0.241483 
-0.126587 0.410703 0.051878 0.125200 0.410703 0.051878 0.196115 0.072243 0.087552 -0.189629 0.079531 0.083278 -0.197502 0.072243 -0.211967 0.181038 0.050823 -0.162732 0.178658 -0.362962 0.094694 -0.170648 -0.362962 0.069129 -0.170648 -0.362962 -0.186320 0.169930 -0.362962 -0.186320 
0.000000 0.000000 0.000000 0.000000 0.000000 0.000000 0.000000 0.000000 0.000000 0.000000 0.000000 0.000000 0.000000 0.000000 0.000000 0.000000 0.000000 0.000000 0.000000 0.000000 0.000000 0.000000 0.000000 0.000000 0.000000 0.000000 0.000000 0.000000 0.000000 0.000000 
-0.173658 0.337194 0.347449 0.147130 0.321733 0.355572 0.162265 -0.041878 0.092774 -0.173658 -0.026955 0.077983 -0.172138 0.043341 -0.213066 0.162265 0.037369 -0.215273 0.148574 -0.251434 0.224052 -0.156999 -0.247135 0.203157 -0.158780 -0.240698 -0.302388 0.156897 -0.240698 -0.302388 
-0.164410 0.281314 0.074299 0.164410 0.281314 0.074299 0.164410 -0.197363 0.019127 -0.164410 -0.194773 -0.020275 -0.164410 -0.194773 -0.308905 0.164410 -0.194773 -0.308905 0.164410 -0.572163 -0.020275 -0.164410 -0.572163 -0.020275 -0.164410 -0.572163 -0.308905 0.164410 -0.572163 -0.308905 
-0.198306 0.163710 0.135245 0.199498 0.163288 0.130706 0.198102 -0.110678 0.010054 -0.200671 -0.110943 0.010191 -0.203599 -0.048699 -0.428404 0.203898 -0.050522 -0.431252 0.288100 -0.334772 0.183132 -0.290020 -0.329913 0.185940 -0.290020 -0.316360 -0.362122 0.289625 -0.316360 -0.362122 
-0.150091 0.210951 0.050421 0.175060 0.190995 0.050421 0.136157 -0.128944 0.011519 -0.170197 -0.114356 0.006656 -0.173783 -0.120881 -0.298421 0.170197 -0.143533 -0.294835 0.175060 -0.610358 0.003929 -0.175060 -0.610358 0.003929 -0.175060 -0.610358 -0.299698 0.175060 -0.610358 -0.299698 
-0.136874 0.528258 0.181456 0.132721 0.530933 0.181456 0.175293 0.196949 0.096358 -0.191336 0.196949 0.084757 -0.193676 0.196949 -0.144326 0.184408 0.196949 -0.144326 0.162742 -0.172237 0.111620 -0.103806 -0.142248 0.136859 -0.220559 -0.146196 -0.080929 0.174181 -0.174142 -0.086940 
-0.185981 0.428749 0.213366 0.184994 0.422169 0.217727 0.174060 0.061563 0.130337 -0.167565 0.090099 0.119958 -0.171244 0.084335 -0.215256 0.174292 0.075426 -0.224189 0.181748 -0.334919 0.095246 -0.161934 -0.320299 0.086443 -0.167565 -0.314785 -0.248940 0.170348 -0.337606 -0.233866 
-0.141884 0.233010 0.138658 0.142981 0.225084 0.136394 0.155763 -0.135260 0.022577 -0.155548 -0.116521 0.023020 -0.155548 -0.063178 -0.267454 0.142855 -0.080413 -0.271604 0.156386 -0.284692 0.197226 -0.156171 -0.284692 0.197226 -0.182993 -0.284692 -0.415457 0.162299 -0.284692 -0.416228 
-0.204807 0.317928 0.198576 0.204807 0.317928 0.198576 0.204807 0.082380 0.053446 -0.204807 0.082483 0.043656 -0.204807 0.049813 -0.279953 0.204807 0.049813 -0.279953 0.289681 -0.269628 0.160248 -0.289681 -0.269202 0.166952 -0.289681 -0.184992 -0.279953 0.289681 -0.184992 -0.279953 
0.000000 0.000000 0.000000 0.000000 0.000000 0.000000 0.000000 0.000000 0.000000 0.000000 0.000000 0.000000 0.000000 0.000000 0.000000 0.000000 0.000000 0.000000 0.000000 0.000000 0.000000 0.000000 0.000000 0.000000 0.000000 0.000000 0.000000 0.000000 0.000000 0.000000 
0.000000 0.000000 0.000000 0.000000 0.000000 0.000000 0.000000 0.000000 0.000000 0.000000 0.000000 0.000000 0.000000 0.000000 0.000000 0.000000 0.000000 0.000000 0.000000 0.000000 0.000000 0.000000 0.000000 0.000000 0.000000 0.000000 0.000000 0.000000 0.000000 0.000000 
0.000000 0.000000 0.000000 0.000000 0.000000 0.000000 0.000000 0.000000 0.000000 0.000000 0.000000 0.000000 0.000000 0.000000 0.000000 0.000000 0.000000 0.000000 0.000000 0.000000 0.000000 0.000000 0.000000 0.000000 0.000000 0.000000 0.000000 0.000000 0.000000 0.000000 
0.000000 0.000000 0.000000 0.000000 0.000000 0.000000 0.000000 0.000000 0.000000 0.000000 0.000000 0.000000 0.000000 0.000000 0.000000 0.000000 0.000000 0.000000 0.000000 0.000000 0.000000 0.000000 0.000000 0.000000 0.000000 0.000000 0.000000 0.000000 0.000000 0.000000 
-0.144457 0.363700 0.183512 0.139939 0.360302 0.195955 0.152004 -0.048904 0.058041 -0.157122 -0.034222 0.038805 -0.182420 -0.051037 -0.250419 0.179084 -0.057161 -0.251469 0.136511 -0.442295 0.082294 -0.140156 -0.442295 0.082294 -0.176721 -0.442295 -0.245678 0.173292 -0.442295 -0.245678 
-0.086016 0.452672 0.088185 0.072376 0.452672 0.117803 0.170059 -0.019384 0.029201 -0.148139 -0.019384 0.083426 -0.185795 -0.019384 -0.200671 0.180780 -0.019384 -0.211882 0.168227 -0.398715 0.066666 -0.158237 -0.398715 0.081257 -0.168276 -0.398715 -0.193440 0.154029 -0.398715 -0.188039 
0.000000 0.000000 0.000000 0.000000 0.000000 0.000000 0.000000 0.000000 0.000000 0.000000 0.000000 0.000000 0.000000 0.000000 0.000000 0.000000 0.000000 0.000000 0.000000 0.000000 0.000000 0.000000 0.000000 0.000000 0.000000 0.000000 0.000000 0.000000 0.000000 0.000000 
-0.188866 0.296122 0.122208 0.188510 0.287847 0.132217 0.198540 -0.115426 0.092794 -0.202713 -0.115426 0.104329 -0.181464 -0.102746 -0.227446 0.177878 -0.115426 -0.220044 0.188510 -0.508778 0.140662 -0.207338 -0.508778 0.119526 -0.207338 -0.508778 -0.223248 0.198540 -0.508778 -0.235209 
-0.188210 0.372964 0.185875 0.194902 0.372964 0.185875 0.181646 0.222834 0.132244 -0.188210 0.206383 0.132244 -0.188210 0.206383 -0.160576 0.194902 0.216197 -0.160576 0.181231 -0.413872 0.171100 -0.174540 -0.413872 0.171100 -0.174540 -0.413872 -0.207088 0.181231 -0.413872 -0.207088 
-0.199230 0.433740 0.174961 0.198209 0.433740 0.174961 0.176609 -0.078556 0.138850 -0.177630 -0.035356 0.138850 -0.177630 -0.035356 -0.172188 0.176609 -0.035356 -0.172188 0.198209 -0.346395 0.125414 -0.199230 -0.346395 0.125414 -0.156030 -0.277275 -0.241387 0.155009 -0.277275 -0.241387 
-0.092051 0.389266 0.026962 0.092915 0.389266 0.013834 0.141303 -0.101633 0.052550 -0.116754 -0.075276 0.038845 -0.143110 -0.101633 -0.231863 0.141303 -0.101633 -0.231863 0.141303 -0.501897 0.005148 -0.143110 -0.501897 0.005148 -0.143110 -0.501897 -0.231863 0.141303 -0.501897 -0.231863 
0.000000 0.000000 0.000000 0.000000 0.000000 0.000000 0.000000 0.000000 0.000000 0.000000 0.000000 0.000000 0.000000 0.000000 0.000000 0.000000 0.000000 0.000000 0.000000 0.000000 0.000000 0.000000 0.000000 0.000000 0.000000 0.000000 0.000000 0.000000 0.000000 0.000000 
0.000000 0.000000 0.000000 0.000000 0.000000 0.000000 0.000000 0.000000 0.000000 0.000000 0.000000 0.000000 0.000000 0.000000 0.000000 0.000000 0.000000 0.000000 0.000000 0.000000 0.000000 0.000000 0.000000 0.000000 0.000000 0.000000 0.000000 0.000000 0.000000 0.000000 
0.000000 0.000000 0.000000 0.000000 0.000000 0.000000 0.000000 0.000000 0.000000 0.000000 0.000000 0.000000 0.000000 0.000000 0.000000 0.000000 0.000000 0.000000 0.000000 0.000000 0.000000 0.000000 0.000000 0.000000 0.000000 0.000000 0.000000 0.000000 0.000000 0.000000 
-0.191540 0.401148 0.198090 0.195876 0.401148 0.198090 0.195876 0.021059 0.151063 -0.191540 0.032691 0.148204 -0.191540 0.022611 -0.170521 0.190896 0.012244 -0.133293 0.211190 -0.418325 0.204560 -0.190353 -0.418325 0.185885 -0.190353 -0.418325 -0.150267 0.194689 -0.418325 -0.168942 
-0.142874 0.411896 0.154649 0.178571 0.411896 0.105361 0.196108 0.088663 0.058472 -0.151891 0.091013 0.150911 -0.209361 0.077318 -0.155357 0.201426 0.091013 -0.162304 0.176614 -0.410368 0.108867 -0.171866 -0.400685 0.102498 -0.210637 -0.409656 -0.086134 0.193404 -0.412574 -0.086519 
-0.216176 0.189904 0.153132 0.218241 0.186682 0.170764 0.198465 -0.099872 0.120875 -0.198465 -0.093029 0.099595 -0.221139 -0.105808 -0.296538 0.221145 -0.105808 -0.296538 0.227767 -0.528902 0.171892 -0.227890 -0.528902 0.193366 -0.227890 -0.528902 -0.293229 0.203398 -0.528902 -0.271754 
0.000000 0.000000 0.000000 0.000000 0.000000 0.000000 0.000000 0.000000 0.000000 0.000000 0.000000 0.000000 0.000000 0.000000 0.000000 0.000000 0.000000 0.000000 0.000000 0.000000 0.000000 0.000000 0.000000 0.000000 0.000000 0.000000 0.000000 0.000000 0.000000 0.000000 
-0.167608 0.459758 0.101902 0.131907 0.459758 0.095438 0.154637 -0.009827 0.066994 -0.149923 -0.009827 0.070864 -0.156940 -0.020494 -0.256844 0.155913 -0.032204 -0.217990 0.145059 -0.331288 0.089166 -0.148459 -0.331288 0.089166 -0.148459 -0.331288 -0.228844 0.145059 -0.331288 -0.238975 
0.000000 0.000000 0.000000 0.000000 0.000000 0.000000 0.000000 0.000000 0.000000 0.000000 0.000000 0.000000 0.000000 0.000000 0.000000 0.000000 0.000000 0.000000 0.000000 0.000000 0.000000 0.000000 0.000000 0.000000 0.000000 0.000000 0.000000 0.000000 0.000000 0.000000 
-0.194501 0.389120 0.152512 0.168265 0.384624 0.152271 0.184495 0.061552 0.135034 -0.200920 0.080539 0.149574 -0.213492 0.083076 -0.223314 0.167679 0.042818 -0.215393 0.171941 -0.316134 0.153205 -0.200920 -0.316134 0.153205 -0.205182 -0.318938 -0.201484 0.171941 -0.316134 -0.219656 
-0.171789 0.491983 0.241802 0.169562 0.491983 0.256861 0.139443 0.043484 0.071517 -0.141670 0.050234 0.070196 -0.142674 0.045716 -0.108831 0.139443 0.045716 -0.110379 0.139443 -0.371435 0.256861 -0.141670 -0.348785 0.221948 -0.171789 -0.371435 -0.099549 0.169562 -0.371435 -0.099549 
0.000000 0.000000 0.000000 0.000000 0.000000 0.000000 0.000000 0.000000 0.000000 0.000000 0.000000 0.000000 0.000000 0.000000 0.000000 0.000000 0.000000 0.000000 0.000000 0.000000 0.000000 0.000000 0.000000 0.000000 0.000000 0.000000 0.000000 0.000000 0.000000 0.000000 
0.000000 0.000000 0.000000 0.000000 0.000000 0.000000 0.000000 0.000000 0.000000 0.000000 0.000000 0.000000 0.000000 0.000000 0.000000 0.000000 0.000000 0.000000 0.000000 0.000000 0.000000 0.000000 0.000000 0.000000 0.000000 0.000000 0.000000 0.000000 0.000000 0.000000 
0.000000 0.000000 0.000000 0.000000 0.000000 0.000000 0.000000 0.000000 0.000000 0.000000 0.000000 0.000000 0.000000 0.000000 0.000000 0.000000 0.000000 0.000000 0.000000 0.000000 0.000000 0.000000 0.000000 0.000000 0.000000 0.000000 0.000000 0.000000 0.000000 0.000000 
-0.203164 0.390268 0.376023 0.203965 0.387540 0.354383 0.203965 0.009716 0.113030 -0.203164 0.017089 0.140517 -0.203164 0.089980 -0.232531 0.203965 0.088676 -0.241291 0.196475 -0.208436 0.116934 -0.207021 -0.209456 0.106792 -0.210943 -0.205550 -0.267269 0.204213 -0.211031 -0.258097 
-0.184980 0.550607 0.204766 0.185184 0.550607 0.204766 0.185184 0.153091 0.131663 -0.184980 0.153091 0.131663 -0.184980 0.153091 -0.241198 0.185184 0.153091 -0.241198 0.185184 -0.264313 0.142008 -0.184980 -0.252040 0.136135 -0.184980 -0.256279 -0.241198 0.185184 -0.259275 -0.241198 
-0.193074 0.459121 0.172676 0.192337 0.459121 0.160128 0.192337 0.093429 0.099179 -0.193074 0.088051 0.134135 -0.193074 0.088051 -0.196602 0.192337 0.102392 -0.227076 0.226397 -0.333213 0.158336 -0.214585 -0.328731 0.170884 -0.220859 -0.326939 -0.202876 0.214745 -0.331420 -0.205565 
0.000000 0.000000 0.000000 0.000000 0.000000 0.000000 0.000000 0.000000 0.000000 0.000000 0.000000 0.000000 0.000000 0.000000 0.000000 0.000000 0.000000 0.000000 0.000000 0.000000 0.000000 0.000000 0.000000 0.000000 0.000000 0.000000 0.000000 0.000000 0.000000 0.000000 
-0.161099 0.180102 0.139331 0.163294 0.175243 0.138507 0.166185 -0.122951 0.087931 -0.166186 -0.122951 0.087931 -0.166186 -0.031708 -0.318790 0.166187 -0.031708 -0.318790 0.262137 -0.400275 0.164948 -0.262136 -0.400275 0.164948 -0.262136 -0.400275 -0.296638 0.262137 -0.400275 -0.296638 
0.000000 0.000000 0.000000 0.000000 0.000000 0.000000 0.000000 0.000000 0.000000 0.000000 0.000000 0.000000 0.000000 0.000000 0.000000 0.000000 0.000000 0.000000 0.000000 0.000000 0.000000 0.000000 0.000000 0.000000 0.000000 0.000000 0.000000 0.000000 0.000000 0.000000 
0.000000 0.000000 0.000000 0.000000 0.000000 0.000000 0.000000 0.000000 0.000000 0.000000 0.000000 0.000000 0.000000 0.000000 0.000000 0.000000 0.000000 0.000000 0.000000 0.000000 0.000000 0.000000 0.000000 0.000000 0.000000 0.000000 0.000000 0.000000 0.000000 0.000000 
-0.246633 0.208575 0.013036 0.235324 0.208575 0.013036 0.237906 -0.154943 -0.006035 -0.218281 -0.154943 -0.006035 -0.218281 -0.154943 -0.320880 0.237906 -0.154943 -0.320880 0.237906 -0.464264 -0.024676 -0.221833 -0.464264 -0.026095 -0.218281 -0.464264 -0.320880 0.237906 -0.464264 -0.324663 
0.000000 0.000000 0.000000 0.000000 0.000000 0.000000 0.000000 0.000000 0.000000 0.000000 0.000000 0.000000 0.000000 0.000000 0.000000 0.000000 0.000000 0.000000 0.000000 0.000000 0.000000 0.000000 0.000000 0.000000 0.000000 0.000000 0.000000 0.000000 0.000000 0.000000 
-0.216041 0.347793 0.221113 0.217746 0.347793 0.221113 0.192397 -0.001140 0.173007 -0.184070 0.010555 0.165137 -0.188448 0.015335 -0.224120 0.188611 0.015291 -0.223049 0.217746 -0.386988 0.238819 -0.216041 -0.386988 0.221113 -0.224889 -0.387422 -0.231344 0.226603 -0.387422 -0.231344 
0.000000 0.000000 0.000000 0.000000 0.000000 0.000000 0.000000 0.000000 0.000000 0.000000 0.000000 0.000000 0.000000 0.000000 0.000000 0.000000 0.000000 0.000000 0.000000 0.000000 0.000000 0.000000 0.000000 0.000000 0.000000 0.000000 0.000000 0.000000 0.000000 0.000000 
-0.166674 0.242190 0.362793 0.169806 0.242190 0.362793 0.169806 -0.056136 0.093754 -0.166674 -0.062816 0.096312 -0.172059 -0.033258 -0.231486 0.169575 -0.013161 -0.242644 0.221851 -0.217035 0.307122 -0.224335 -0.200150 0.289184 -0.224335 -0.230473 -0.302149 0.221851 -0.217107 -0.315881 
0.000000 0.000000 0.000000 0.000000 0.000000 0.000000 0.000000 0.000000 0.000000 0.000000 0.000000 0.000000 0.000000 0.000000 0.000000 0.000000 0.000000 0.000000 0.000000 0.000000 0.000000 0.000000 0.000000 0.000000 0.000000 0.000000 0.000000 0.000000 0.000000 0.000000 
-0.192409 0.484379 0.209918 0.218226 0.484379 0.209918 0.218226 0.144361 0.129161 -0.203222 0.133267 0.165393 -0.192409 0.144361 -0.229135 0.224063 0.139233 -0.234972 0.203202 -0.240960 0.257616 -0.178657 -0.242116 0.248260 -0.184357 -0.240852 -0.253193 0.214200 -0.242663 -0.238314 
0.000000 0.000000 0.000000 0.000000 0.000000 0.000000 0.000000 0.000000 0.000000 0.000000 0.000000 0.000000 0.000000 0.000000 0.000000 0.000000 0.000000 0.000000 0.000000 0.000000 0.000000 0.000000 0.000000 0.000000 0.000000 0.000000 0.000000 0.000000 0.000000 0.000000 
-0.129428 0.246160 0.352626 0.127536 0.250936 0.341097 0.101315 -0.009450 0.102578 -0.129428 -0.002034 0.087746 -0.145161 -0.002034 -0.489113 0.127536 0.011922 -0.523381 0.143269 -0.125254 0.324699 -0.143146 -0.119609 0.308087 -0.145161 -0.121205 -0.497168 0.143269 -0.121205 -0.497168 
0.000000 0.000000 0.000000 0.000000 0.000000 0.000000 0.000000 0.000000 0.000000 0.000000 0.000000 0.000000 0.000000 0.000000 0.000000 0.000000 0.000000 0.000000 0.000000 0.000000 0.000000 0.000000 0.000000 0.000000 0.000000 0.000000 0.000000 0.000000 0.000000 0.000000 
0.000000 0.000000 0.000000 0.000000 0.000000 0.000000 0.000000 0.000000 0.000000 0.000000 0.000000 0.000000 0.000000 0.000000 0.000000 0.000000 0.000000 0.000000 0.000000 0.000000 0.000000 0.000000 0.000000 0.000000 0.000000 0.000000 0.000000 0.000000 0.000000 0.000000 
0.000000 0.000000 0.000000 0.000000 0.000000 0.000000 0.000000 0.000000 0.000000 0.000000 0.000000 0.000000 0.000000 0.000000 0.000000 0.000000 0.000000 0.000000 0.000000 0.000000 0.000000 0.000000 0.000000 0.000000 0.000000 0.000000 0.000000 0.000000 0.000000 0.000000 
-0.195301 0.392255 0.176849 0.200597 0.392255 0.176849 0.170463 -0.041803 0.135719 -0.184682 -0.041803 0.079188 -0.223179 -0.070422 -0.191357 0.181928 -0.041803 -0.246809 0.219676 -0.361383 0.138690 -0.223920 -0.361383 0.138690 -0.206002 -0.361383 -0.232824 0.179613 -0.361383 -0.213557 
0.000000 0.000000 0.000000 0.000000 0.000000 0.000000 0.000000 0.000000 0.000000 0.000000 0.000000 0.000000 0.000000 0.000000 0.000000 0.000000 0.000000 0.000000 0.000000 0.000000 0.000000 0.000000 0.000000 0.000000 0.000000 0.000000 0.000000 0.000000 0.000000 0.000000 
0.000000 0.000000 0.000000 0.000000 0.000000 0.000000 0.000000 0.000000 0.000000 0.000000 0.000000 0.000000 0.000000 0.000000 0.000000 0.000000 0.000000 0.000000 0.000000 0.000000 0.000000 0.000000 0.000000 0.000000 0.000000 0.000000 0.000000 0.000000 0.000000 0.000000 
0.000000 0.000000 0.000000 0.000000 0.000000 0.000000 0.000000 0.000000 0.000000 0.000000 0.000000 0.000000 0.000000 0.000000 0.000000 0.000000 0.000000 0.000000 0.000000 0.000000 0.000000 0.000000 0.000000 0.000000 0.000000 0.000000 0.000000 0.000000 0.000000 0.000000 
-0.135446 0.347489 0.325057 0.153782 0.347735 0.325063 0.135960 0.057824 0.129593 -0.137309 0.047268 0.128993 -0.135525 0.063784 -0.157438 0.135810 0.063784 -0.157438 0.211402 -0.193642 0.114188 -0.209678 -0.185055 0.114323 -0.176820 -0.211875 -0.185297 0.157808 -0.217739 -0.181184 
0.000000 0.000000 0.000000 0.000000 0.000000 0.000000 0.000000 0.000000 0.000000 0.000000 0.000000 0.000000 0.000000 0.000000 0.000000 0.000000 0.000000 0.000000 0.000000 0.000000 0.000000 0.000000 0.000000 0.000000 0.000000 0.000000 0.000000 0.000000 0.000000 0.000000 
0.000000 0.000000 0.000000 0.000000 0.000000 0.000000 0.000000 0.000000 0.000000 0.000000 0.000000 0.000000 0.000000 0.000000 0.000000 0.000000 0.000000 0.000000 0.000000 0.000000 0.000000 0.000000 0.000000 0.000000 0.000000 0.000000 0.000000 0.000000 0.000000 0.000000 
-0.220689 0.423290 0.110015 0.221969 0.423290 0.110015 0.221969 0.024894 0.127721 -0.220689 0.024894 0.127721 -0.220689 0.027181 -0.151587 0.221969 0.022363 -0.162051 0.221969 -0.355792 0.240024 -0.194130 -0.355542 0.236996 -0.220689 -0.373249 -0.061763 0.195409 -0.373498 -0.058735 
-0.188028 0.284994 0.009194 0.194094 0.284994 0.009746 0.186603 -0.187124 0.035181 -0.160815 -0.173772 -0.000578 -0.166040 -0.187124 -0.249482 0.186603 -0.187124 -0.249482 0.137986 -0.570267 0.009439 -0.156844 -0.570267 0.029153 -0.156844 -0.570267 -0.214844 0.137986 -0.570267 -0.214844 
0.000000 0.000000 0.000000 0.000000 0.000000 0.000000 0.000000 0.000000 0.000000 0.000000 0.000000 0.000000 0.000000 0.000000 0.000000 0.000000 0.000000 0.000000 0.000000 0.000000 0.000000 0.000000 0.000000 0.000000 0.000000 0.000000 0.000000 0.000000 0.000000 0.000000 
-0.207183 0.429606 0.150183 0.267283 0.433901 0.149964 0.267283 0.052331 0.122429 -0.207183 0.042730 0.109917 -0.207183 0.034636 -0.204844 0.267283 0.034636 -0.204844 0.267283 -0.296032 0.140123 -0.207183 -0.296032 0.140123 -0.207183 -0.296032 -0.302534 0.267283 -0.296032 -0.302534 
-0.175056 0.165887 0.034901 0.177533 0.165887 0.034901 0.205363 -0.179643 0.034901 -0.202886 -0.179643 0.034901 -0.189431 -0.179643 -0.310902 0.140043 -0.220468 -0.259037 0.205363 -0.551587 0.018572 -0.202886 -0.551587 0.018572 -0.202886 -0.551587 -0.324357 0.205363 -0.551587 -0.324357 
0.000000 0.000000 0.000000 0.000000 0.000000 0.000000 0.000000 0.000000 0.000000 0.000000 0.000000 0.000000 0.000000 0.000000 0.000000 0.000000 0.000000 0.000000 0.000000 0.000000 0.000000 0.000000 0.000000 0.000000 0.000000 0.000000 0.000000 0.000000 0.000000 0.000000 
-0.211899 0.148678 0.057465 0.222986 0.148678 0.061169 0.231273 -0.215710 0.022922 -0.233047 -0.215710 0.022262 -0.236620 -0.280014 -0.343912 0.234941 -0.215710 -0.415360 0.234941 -0.558663 0.070492 -0.236620 -0.558663 0.070492 -0.236620 -0.558663 -0.415360 0.234941 -0.558663 -0.415360 
-0.171184 0.475051 0.070805 0.171816 0.475051 0.072178 0.149190 -0.015193 0.096362 -0.150697 0.003052 0.057647 -0.173009 -0.015193 -0.205276 0.158795 -0.015193 -0.205276 0.162658 -0.384777 0.045005 -0.158119 -0.384777 0.045005 -0.159942 -0.384777 -0.190083 0.160835 -0.384777 -0.171851 
0.000000 0.000000 0.000000 0.000000 0.000000 0.000000 0.000000 0.000000 0.000000 0.000000 0.000000 0.000000 0.000000 0.000000 0.000000 0.000000 0.000000 0.000000 0.000000 0.000000 0.000000 0.000000 0.000000 0.000000 0.000000 0.000000 0.000000 0.000000 0.000000 0.000000 
0.000000 0.000000 0.000000 0.000000 0.000000 0.000000 0.000000 0.000000 0.000000 0.000000 0.000000 0.000000 0.000000 0.000000 0.000000 0.000000 0.000000 0.000000 0.000000 0.000000 0.000000 0.000000 0.000000 0.000000 0.000000 0.000000 0.000000 0.000000 0.000000 0.000000 
0.000000 0.000000 0.000000 0.000000 0.000000 0.000000 0.000000 0.000000 0.000000 0.000000 0.000000 0.000000 0.000000 0.000000 0.000000 0.000000 0.000000 0.000000 0.000000 0.000000 0.000000 0.000000 0.000000 0.000000 0.000000 0.000000 0.000000 0.000000 0.000000 0.000000 
0.000000 0.000000 0.000000 0.000000 0.000000 0.000000 0.000000 0.000000 0.000000 0.000000 0.000000 0.000000 0.000000 0.000000 0.000000 0.000000 0.000000 0.000000 0.000000 0.000000 0.000000 0.000000 0.000000 0.000000 0.000000 0.000000 0.000000 0.000000 0.000000 0.000000 
0.000000 0.000000 0.000000 0.000000 0.000000 0.000000 0.000000 0.000000 0.000000 0.000000 0.000000 0.000000 0.000000 0.000000 0.000000 0.000000 0.000000 0.000000 0.000000 0.000000 0.000000 0.000000 0.000000 0.000000 0.000000 0.000000 0.000000 0.000000 0.000000 0.000000 
-0.169636 0.264021 0.209497 0.172200 0.264196 0.209194 0.179630 -0.141798 0.053554 -0.177068 -0.141798 0.060985 -0.177068 -0.141798 -0.310575 0.179630 -0.141798 -0.310575 0.201924 -0.320147 0.060985 -0.199361 -0.320147 0.060985 -0.199361 -0.320147 -0.318006 0.201924 -0.320147 -0.318006 
0.000000 0.000000 0.000000 0.000000 0.000000 0.000000 0.000000 0.000000 0.000000 0.000000 0.000000 0.000000 0.000000 0.000000 0.000000 0.000000 0.000000 0.000000 0.000000 0.000000 0.000000 0.000000 0.000000 0.000000 0.000000 0.000000 0.000000 0.000000 0.000000 0.000000 
-0.225609 0.428349 0.229642 0.225609 0.440561 0.212424 0.225609 0.092691 0.127893 -0.225609 0.104017 0.087839 -0.225609 0.098294 -0.253429 0.225609 0.120765 -0.267316 0.225609 -0.181571 0.141488 -0.225609 -0.183715 0.130619 -0.225609 -0.172085 -0.394475 0.225609 -0.178074 -0.373605 
0.000000 0.000000 0.000000 0.000000 0.000000 0.000000 0.000000 0.000000 0.000000 0.000000 0.000000 0.000000 0.000000 0.000000 0.000000 0.000000 0.000000 0.000000 0.000000 0.000000 0.000000 0.000000 0.000000 0.000000 0.000000 0.000000 0.000000 0.000000 0.000000 0.000000 
0.000000 0.000000 0.000000 0.000000 0.000000 0.000000 0.000000 0.000000 0.000000 0.000000 0.000000 0.000000 0.000000 0.000000 0.000000 0.000000 0.000000 0.000000 0.000000 0.000000 0.000000 0.000000 0.000000 0.000000 0.000000 0.000000 0.000000 0.000000 0.000000 0.000000 
0.000000 0.000000 0.000000 0.000000 0.000000 0.000000 0.000000 0.000000 0.000000 0.000000 0.000000 0.000000 0.000000 0.000000 0.000000 0.000000 0.000000 0.000000 0.000000 0.000000 0.000000 0.000000 0.000000 0.000000 0.000000 0.000000 0.000000 0.000000 0.000000 0.000000 
-0.206781 0.185732 0.287584 0.207941 0.202758 0.266061 0.207941 -0.142263 0.192905 -0.206781 -0.142263 0.192905 -0.206781 -0.079695 -0.285730 0.207941 -0.088339 -0.306546 0.230480 -0.414063 0.213229 -0.215797 -0.414063 0.213229 -0.229320 -0.414063 -0.282634 0.230480 -0.414063 -0.282634 
0.000000 0.000000 0.000000 0.000000 0.000000 0.000000 0.000000 0.000000 0.000000 0.000000 0.000000 0.000000 0.000000 0.000000 0.000000 0.000000 0.000000 0.000000 0.000000 0.000000 0.000000 0.000000 0.000000 0.000000 0.000000 0.000000 0.000000 0.000000 0.000000 0.000000 
-0.091773 0.399419 0.203210 0.086739 0.399115 0.206123 0.121550 0.092903 0.102323 -0.130808 0.093484 0.096505 -0.127609 0.092903 -0.175149 0.133091 0.092018 -0.175795 0.223597 -0.275817 0.025097 -0.236967 -0.271568 0.022604 -0.190840 -0.271568 -0.232990 0.155874 -0.270006 -0.224308 
-0.141483 0.388016 0.341678 0.116629 0.406229 0.342752 0.127308 0.098570 0.240943 -0.126796 0.117033 0.227352 -0.169497 0.110104 -0.039402 0.181627 0.098229 -0.032986 0.250070 -0.190109 0.336863 -0.250070 -0.190109 0.336863 -0.200254 -0.190109 -0.083640 0.202131 -0.190109 -0.095533 
0.000000 0.000000 0.000000 0.000000 0.000000 0.000000 0.000000 0.000000 0.000000 0.000000 0.000000 0.000000 0.000000 0.000000 0.000000 0.000000 0.000000 0.000000 0.000000 0.000000 0.000000 0.000000 0.000000 0.000000 0.000000 0.000000 0.000000 0.000000 0.000000 0.000000 
-0.216414 0.347040 0.087913 0.217633 0.347040 0.087913 0.217633 -0.084280 0.087913 -0.216414 -0.084280 0.087913 -0.216414 -0.084280 -0.262719 0.217633 -0.084280 -0.262719 0.217633 -0.395441 0.087913 -0.216414 -0.395441 0.087913 -0.216414 -0.395441 -0.262719 0.217633 -0.395441 -0.262719 
-0.208718 0.559662 0.232126 0.208718 0.559662 0.232126 0.208718 0.151763 0.232126 -0.208718 0.151763 0.232126 -0.208718 0.111374 -0.061995 0.208718 0.111374 -0.061995 0.208718 -0.231769 0.232126 -0.208718 -0.231769 0.232126 -0.208718 -0.231769 -0.063204 0.208718 -0.231769 -0.063204 
-0.179919 0.457720 0.067584 0.178248 0.457720 0.070423 0.191665 0.018657 0.093728 -0.159570 0.039079 0.060128 -0.189094 0.018657 -0.276128 0.137536 -0.019077 -0.176378 0.164977 -0.359140 0.032624 -0.158576 -0.359140 0.032624 -0.158576 -0.359140 -0.227750 0.164977 -0.359140 -0.227750 
0.000000 0.000000 0.000000 0.000000 0.000000 0.000000 0.000000 0.000000 0.000000 0.000000 0.000000 0.000000 0.000000 0.000000 0.000000 0.000000 0.000000 0.000000 0.000000 0.000000 0.000000 0.000000 0.000000 0.000000 0.000000 0.000000 0.000000 0.000000 0.000000 0.000000 
-0.168490 0.358829 0.107531 0.167683 0.358829 0.107531 0.149758 -0.108082 0.076350 -0.135780 -0.091666 0.079796 -0.156557 -0.108229 -0.245959 0.149421 -0.117122 -0.256236 0.141257 -0.495093 0.107034 -0.141015 -0.495002 0.084623 -0.144244 -0.497327 -0.242544 0.143150 -0.497327 -0.242352 
-0.200426 0.172640 0.080900 0.204147 0.174860 0.080762 0.169715 -0.227035 0.057116 -0.180542 -0.217599 0.005685 -0.175642 -0.217599 -0.330599 0.169715 -0.235332 -0.313756 0.169715 -0.625443 0.081521 -0.183210 -0.625443 0.064305 -0.183210 -0.625443 -0.305836 0.186931 -0.625443 -0.323052 
0.000000 0.000000 0.000000 0.000000 0.000000 0.000000 0.000000 0.000000 0.000000 0.000000 0.000000 0.000000 0.000000 0.000000 0.000000 0.000000 0.000000 0.000000 0.000000 0.000000 0.000000 0.000000 0.000000 0.000000 0.000000 0.000000 0.000000 0.000000 0.000000 0.000000 
0.000000 0.000000 0.000000 0.000000 0.000000 0.000000 0.000000 0.000000 0.000000 0.000000 0.000000 0.000000 0.000000 0.000000 0.000000 0.000000 0.000000 0.000000 0.000000 0.000000 0.000000 0.000000 0.000000 0.000000 0.000000 0.000000 0.000000 0.000000 0.000000 0.000000 
0.000000 0.000000 0.000000 0.000000 0.000000 0.000000 0.000000 0.000000 0.000000 0.000000 0.000000 0.000000 0.000000 0.000000 0.000000 0.000000 0.000000 0.000000 0.000000 0.000000 0.000000 0.000000 0.000000 0.000000 0.000000 0.000000 0.000000 0.000000 0.000000 0.000000 
-0.248777 0.454642 0.284771 0.248777 0.454642 0.284771 0.248777 0.115372 0.209913 -0.248777 0.115372 0.209913 -0.248777 0.107749 -0.136260 0.248777 0.107749 -0.136260 0.248777 -0.265973 0.284771 -0.248777 -0.265973 0.284771 -0.248777 -0.236920 -0.143081 0.248777 -0.247137 -0.127790 
-0.214507 0.256959 0.136079 0.218096 0.256910 0.136163 0.220350 -0.084101 0.040140 -0.183926 -0.080009 0.049526 -0.201364 -0.084079 -0.322642 0.205254 -0.084070 -0.323596 0.217882 -0.458047 0.110965 -0.215769 -0.456680 0.111269 -0.229979 -0.456669 -0.295711 0.232029 -0.458059 -0.295102 
0.000000 0.000000 0.000000 0.000000 0.000000 0.000000 0.000000 0.000000 0.000000 0.000000 0.000000 0.000000 0.000000 0.000000 0.000000 0.000000 0.000000 0.000000 0.000000 0.000000 0.000000 0.000000 0.000000 0.000000 0.000000 0.000000 0.000000 0.000000 0.000000 0.000000 
0.000000 0.000000 0.000000 0.000000 0.000000 0.000000 0.000000 0.000000 0.000000 0.000000 0.000000 0.000000 0.000000 0.000000 0.000000 0.000000 0.000000 0.000000 0.000000 0.000000 0.000000 0.000000 0.000000 0.000000 0.000000 0.000000 0.000000 0.000000 0.000000 0.000000 
-0.121506 0.477926 0.203924 0.133960 0.479070 0.212613 0.152560 0.054115 0.179042 -0.144002 0.054115 0.179042 -0.143898 0.047181 -0.119259 0.152560 0.040257 -0.130555 0.198772 -0.305911 0.178873 -0.188025 -0.293110 0.171483 -0.188025 -0.324714 -0.158413 0.198772 -0.327211 -0.161775 
0.000000 0.000000 0.000000 0.000000 0.000000 0.000000 0.000000 0.000000 0.000000 0.000000 0.000000 0.000000 0.000000 0.000000 0.000000 0.000000 0.000000 0.000000 0.000000 0.000000 0.000000 0.000000 0.000000 0.000000 0.000000 0.000000 0.000000 0.000000 0.000000 0.000000 
0.000000 0.000000 0.000000 0.000000 0.000000 0.000000 0.000000 0.000000 0.000000 0.000000 0.000000 0.000000 0.000000 0.000000 0.000000 0.000000 0.000000 0.000000 0.000000 0.000000 0.000000 0.000000 0.000000 0.000000 0.000000 0.000000 0.000000 0.000000 0.000000 0.000000 
-0.104576 0.431440 0.137664 0.117282 0.421952 0.160567 0.117282 0.088132 0.085942 -0.104576 0.077020 0.106954 -0.104576 0.071921 -0.088181 0.117282 0.072918 -0.082293 0.117282 -0.228685 0.144989 -0.104576 -0.228915 0.139415 -0.104576 -0.218678 -0.121314 0.117282 -0.224434 -0.092306 
-0.177007 0.686842 0.137278 0.172646 0.686842 0.114709 0.178113 0.239534 0.143337 -0.177007 0.239534 0.114709 -0.181139 0.239534 -0.215920 0.178113 0.239534 -0.215920 0.156626 -0.168928 0.127455 -0.169797 -0.168928 0.100195 -0.169797 -0.168928 -0.185168 0.165493 -0.168928 -0.191015 
-0.206372 0.433301 0.174199 0.209550 0.433301 0.174199 0.209550 0.137524 0.128144 -0.197849 0.154145 0.119620 -0.206372 0.137524 -0.235813 0.209550 0.133568 -0.241723 0.187481 -0.297401 0.152130 -0.187939 -0.293179 0.123312 -0.184304 -0.297401 -0.194472 0.166254 -0.301323 -0.198427 
0.000000 0.000000 0.000000 0.000000 0.000000 0.000000 0.000000 0.000000 0.000000 0.000000 0.000000 0.000000 0.000000 0.000000 0.000000 0.000000 0.000000 0.000000 0.000000 0.000000 0.000000 0.000000 0.000000 0.000000 0.000000 0.000000 0.000000 0.000000 0.000000 0.000000 
0.000000 0.000000 0.000000 0.000000 0.000000 0.000000 0.000000 0.000000 0.000000 0.000000 0.000000 0.000000 0.000000 0.000000 0.000000 0.000000 0.000000 0.000000 0.000000 0.000000 0.000000 0.000000 0.000000 0.000000 0.000000 0.000000 0.000000 0.000000 0.000000 0.000000 
0.000000 0.000000 0.000000 0.000000 0.000000 0.000000 0.000000 0.000000 0.000000 0.000000 0.000000 0.000000 0.000000 0.000000 0.000000 0.000000 0.000000 0.000000 0.000000 0.000000 0.000000 0.000000 0.000000 0.000000 0.000000 0.000000 0.000000 0.000000 0.000000 0.000000 
-0.188789 0.380447 0.158275 0.202465 0.357612 0.247619 0.188492 0.064087 0.074925 -0.188789 0.065383 0.050396 -0.188789 0.086544 -0.350047 0.174518 0.070133 -0.304271 0.202465 -0.243077 0.257497 -0.174816 -0.243077 0.257186 -0.202763 -0.243077 -0.275589 0.202465 -0.243077 -0.275278 
0.000000 0.000000 0.000000 0.000000 0.000000 0.000000 0.000000 0.000000 0.000000 0.000000 0.000000 0.000000 0.000000 0.000000 0.000000 0.000000 0.000000 0.000000 0.000000 0.000000 0.000000 0.000000 0.000000 0.000000 0.000000 0.000000 0.000000 0.000000 0.000000 0.000000 
-0.229023 0.271637 0.192242 0.215876 0.271637 0.196124 0.216984 -0.071544 0.069183 -0.228027 -0.036778 0.078160 -0.224169 -0.002012 -0.363981 0.220731 -0.002012 -0.360099 0.237300 -0.259237 0.192399 -0.250192 -0.259237 0.166754 -0.245898 -0.259237 -0.325202 0.241780 -0.259237 -0.320946 
0.000000 0.000000 0.000000 0.000000 0.000000 0.000000 0.000000 0.000000 0.000000 0.000000 0.000000 0.000000 0.000000 0.000000 0.000000 0.000000 0.000000 0.000000 0.000000 0.000000 0.000000 0.000000 0.000000 0.000000 0.000000 0.000000 0.000000 0.000000 0.000000 0.000000 
0.000000 0.000000 0.000000 0.000000 0.000000 0.000000 0.000000 0.000000 0.000000 0.000000 0.000000 0.000000 0.000000 0.000000 0.000000 0.000000 0.000000 0.000000 0.000000 0.000000 0.000000 0.000000 0.000000 0.000000 0.000000 0.000000 0.000000 0.000000 0.000000 0.000000 
0.000000 0.000000 0.000000 0.000000 0.000000 0.000000 0.000000 0.000000 0.000000 0.000000 0.000000 0.000000 0.000000 0.000000 0.000000 0.000000 0.000000 0.000000 0.000000 0.000000 0.000000 0.000000 0.000000 0.000000 0.000000 0.000000 0.000000 0.000000 0.000000 0.000000 
-0.155354 0.544135 0.150363 0.169807 0.544135 0.142465 0.143190 0.011740 0.122039 -0.152702 0.012044 0.127198 -0.152702 0.055901 -0.231018 0.136053 0.045801 -0.184751 0.167054 -0.275705 0.135820 -0.154414 -0.275705 0.143231 -0.168504 -0.275705 -0.171143 0.162675 -0.275705 -0.177615 
-0.175281 0.480735 0.187270 0.175281 0.480735 0.187270 0.191595 0.022406 0.095084 -0.191595 0.022406 0.095084 -0.212461 0.003436 -0.172390 0.191595 0.022406 -0.234991 0.183816 -0.300080 0.040853 -0.187453 -0.300080 0.060747 -0.183816 -0.300080 -0.204291 0.183816 -0.300080 -0.204291 
-0.182544 0.384039 0.155846 0.182544 0.384039 0.128464 0.182544 -0.003866 0.128464 -0.182544 -0.003866 0.128464 -0.182544 -0.004644 -0.238096 0.182544 -0.012804 -0.250244 0.155162 -0.300499 0.151282 -0.159726 -0.300499 0.128464 -0.177981 -0.300499 -0.227499 0.177980 -0.300499 -0.227499 
-0.147687 0.320684 0.126823 0.145834 0.320684 0.144151 0.174212 -0.129648 0.092849 -0.168000 -0.129648 0.126823 -0.169524 -0.129648 -0.211327 0.178336 -0.129648 -0.185067 0.166147 -0.454334 0.144151 -0.168000 -0.454334 0.115272 -0.168000 -0.454334 -0.183623 0.166147 -0.454334 -0.183623 
-0.214645 0.307092 0.158386 0.189648 0.305518 0.171810 0.219946 -0.028792 0.081940 -0.191193 -0.028792 0.080695 -0.193751 -0.028772 -0.284504 0.206202 -0.045342 -0.274975 0.217447 -0.401784 0.153542 -0.214909 -0.400421 0.153851 -0.227715 -0.401785 -0.252497 0.232301 -0.400406 -0.271852 
-0.221955 0.518541 0.295710 0.221133 0.518541 0.295710 0.204047 0.109537 0.276278 -0.221955 0.109537 0.288798 -0.210638 0.109537 -0.189532 0.204047 0.115217 -0.189532 0.221133 -0.225620 0.295710 -0.221955 -0.225620 0.295710 -0.221955 -0.225620 -0.131442 0.221133 -0.225620 -0.137375 
-0.199958 0.311856 0.155078 0.156139 0.311856 0.155078 0.145384 -0.037422 0.068281 -0.189204 -0.037422 0.068281 -0.187666 -0.016286 -0.298378 0.139227 -0.001118 -0.298378 0.150433 -0.401677 0.146472 -0.192895 -0.401677 0.146472 -0.192895 -0.401677 -0.286972 0.150433 -0.401677 -0.286972 
0.000000 0.000000 0.000000 0.000000 0.000000 0.000000 0.000000 0.000000 0.000000 0.000000 0.000000 0.000000 0.000000 0.000000 0.000000 0.000000 0.000000 0.000000 0.000000 0.000000 0.000000 0.000000 0.000000 0.000000 0.000000 0.000000 0.000000 0.000000 0.000000 0.000000 
-0.122218 0.494027 0.191797 0.094227 0.485914 0.194673 0.126976 0.082167 0.071063 -0.133691 0.108027 0.041687 -0.157691 0.082167 -0.115734 0.128084 0.082167 -0.138226 0.197605 -0.219618 0.062872 -0.180279 -0.220450 0.048154 -0.161499 -0.219618 -0.144457 0.178825 -0.220450 -0.159174 
-0.188982 0.512523 0.108545 0.190920 0.512523 0.108545 0.190920 0.105448 0.129813 -0.171984 0.122446 0.123803 -0.188982 0.105448 -0.204264 0.190920 0.105448 -0.204264 0.177352 -0.332079 0.094977 -0.175414 -0.332079 0.071233 -0.175414 -0.332079 -0.195174 0.160392 -0.332079 -0.179265 
0.000000 0.000000 0.000000 0.000000 0.000000 0.000000 0.000000 0.000000 0.000000 0.000000 0.000000 0.000000 0.000000 0.000000 0.000000 0.000000 0.000000 0.000000 0.000000 0.000000 0.000000 0.000000 0.000000 0.000000 0.000000 0.000000 0.000000 0.000000 0.000000 0.000000 
-0.279625 0.144614 0.076905 0.279332 0.144614 0.076905 0.192837 -0.263522 0.076905 -0.192610 -0.263522 0.076905 -0.192610 -0.263522 -0.201009 0.192837 -0.263522 -0.201009 0.279332 -0.481411 0.117066 -0.279625 -0.481411 0.117066 -0.279625 -0.481411 -0.201009 0.279332 -0.481411 -0.201009 
0.000000 0.000000 0.000000 0.000000 0.000000 0.000000 0.000000 0.000000 0.000000 0.000000 0.000000 0.000000 0.000000 0.000000 0.000000 0.000000 0.000000 0.000000 0.000000 0.000000 0.000000 0.000000 0.000000 0.000000 0.000000 0.000000 0.000000 0.000000 0.000000 0.000000 
0.000000 0.000000 0.000000 0.000000 0.000000 0.000000 0.000000 0.000000 0.000000 0.000000 0.000000 0.000000 0.000000 0.000000 0.000000 0.000000 0.000000 0.000000 0.000000 0.000000 0.000000 0.000000 0.000000 0.000000 0.000000 0.000000 0.000000 0.000000 0.000000 0.000000 
0.000000 0.000000 0.000000 0.000000 0.000000 0.000000 0.000000 0.000000 0.000000 0.000000 0.000000 0.000000 0.000000 0.000000 0.000000 0.000000 0.000000 0.000000 0.000000 0.000000 0.000000 0.000000 0.000000 0.000000 0.000000 0.000000 0.000000 0.000000 0.000000 0.000000 
0.000000 0.000000 0.000000 0.000000 0.000000 0.000000 0.000000 0.000000 0.000000 0.000000 0.000000 0.000000 0.000000 0.000000 0.000000 0.000000 0.000000 0.000000 0.000000 0.000000 0.000000 0.000000 0.000000 0.000000 0.000000 0.000000 0.000000 0.000000 0.000000 0.000000 
0.000000 0.000000 0.000000 0.000000 0.000000 0.000000 0.000000 0.000000 0.000000 0.000000 0.000000 0.000000 0.000000 0.000000 0.000000 0.000000 0.000000 0.000000 0.000000 0.000000 0.000000 0.000000 0.000000 0.000000 0.000000 0.000000 0.000000 0.000000 0.000000 0.000000 
0.000000 0.000000 0.000000 0.000000 0.000000 0.000000 0.000000 0.000000 0.000000 0.000000 0.000000 0.000000 0.000000 0.000000 0.000000 0.000000 0.000000 0.000000 0.000000 0.000000 0.000000 0.000000 0.000000 0.000000 0.000000 0.000000 0.000000 0.000000 0.000000 0.000000 
-0.197156 0.377847 0.118148 0.199702 0.377847 0.078478 0.199702 -0.062310 0.118148 -0.180151 -0.062310 0.084145 -0.197156 -0.062310 -0.316342 0.186481 -0.092537 -0.284227 0.186481 -0.430684 0.057697 -0.183935 -0.430684 0.057697 -0.183935 -0.430684 -0.284227 0.186481 -0.430684 -0.284227 
-0.158650 0.185532 0.048107 0.158875 0.193311 0.036846 0.186130 -0.214160 -0.008022 -0.184369 -0.207476 0.005617 -0.207157 -0.201560 -0.333281 0.206726 -0.201560 -0.333281 0.207377 -0.601852 0.014210 -0.206506 -0.601852 0.014210 -0.207449 -0.601833 -0.372949 0.207830 -0.601833 -0.372949 
0.000000 0.000000 0.000000 0.000000 0.000000 0.000000 0.000000 0.000000 0.000000 0.000000 0.000000 0.000000 0.000000 0.000000 0.000000 0.000000 0.000000 0.000000 0.000000 0.000000 0.000000 0.000000 0.000000 0.000000 0.000000 0.000000 0.000000 0.000000 0.000000 0.000000 
-0.198265 0.296351 0.146208 0.179489 0.296351 0.215102 0.177958 -0.022215 0.209787 -0.194555 -0.001320 0.143155 -0.214643 -0.010932 -0.253567 0.212901 -0.018311 -0.259234 0.169454 -0.380937 0.267134 -0.186835 -0.380937 0.253843 -0.238766 -0.380937 -0.228375 0.236839 -0.380937 -0.240265 
-0.271888 0.322159 0.195620 0.270449 0.315008 0.202955 0.271893 -0.008786 0.110616 -0.271847 0.022963 0.049006 -0.271828 0.057072 -0.308716 0.234512 0.003420 -0.180231 0.271893 -0.291047 0.203539 -0.271023 -0.291047 0.222364 -0.268047 -0.291903 -0.157685 0.260661 -0.292491 -0.173926 
0.000000 0.000000 0.000000 0.000000 0.000000 0.000000 0.000000 0.000000 0.000000 0.000000 0.000000 0.000000 0.000000 0.000000 0.000000 0.000000 0.000000 0.000000 0.000000 0.000000 0.000000 0.000000 0.000000 0.000000 0.000000 0.000000 0.000000 0.000000 0.000000 0.000000 
-0.240225 0.467404 0.207866 0.240225 0.467404 0.207866 0.240225 0.095635 0.151696 -0.240225 0.093074 0.148296 -0.240225 0.086198 -0.197760 0.240225 0.085033 -0.203620 0.240225 -0.257419 0.194218 -0.240225 -0.257419 0.194218 -0.240225 -0.246452 -0.232153 0.240225 -0.254677 -0.225842 
0.000000 0.000000 0.000000 0.000000 0.000000 0.000000 0.000000 0.000000 0.000000 0.000000 0.000000 0.000000 0.000000 0.000000 0.000000 0.000000 0.000000 0.000000 0.000000 0.000000 0.000000 0.000000 0.000000 0.000000 0.000000 0.000000 0.000000 0.000000 0.000000 0.000000 
0.000000 0.000000 0.000000 0.000000 0.000000 0.000000 0.000000 0.000000 0.000000 0.000000 0.000000 0.000000 0.000000 0.000000 0.000000 0.000000 0.000000 0.000000 0.000000 0.000000 0.000000 0.000000 0.000000 0.000000 0.000000 0.000000 0.000000 0.000000 0.000000 0.000000 
-0.162849 0.432568 0.093535 0.162864 0.432568 0.093535 0.162864 -0.014783 0.093535 -0.162849 -0.014783 0.093535 -0.162849 -0.014783 -0.189694 0.162864 -0.014783 -0.189694 0.168507 -0.342974 0.082081 -0.177247 -0.364924 0.076208 -0.174935 -0.319961 -0.211693 0.178615 -0.342620 -0.215354 
0.000000 0.000000 0.000000 0.000000 0.000000 0.000000 0.000000 0.000000 0.000000 0.000000 0.000000 0.000000 0.000000 0.000000 0.000000 0.000000 0.000000 0.000000 0.000000 0.000000 0.000000 0.000000 0.000000 0.000000 0.000000 0.000000 0.000000 0.000000 0.000000 0.000000 
-0.228733 0.248144 0.088489 0.228608 0.248144 0.088489 0.228608 -0.076250 0.088489 -0.228733 -0.090542 0.088489 -0.228733 -0.076250 -0.318036 0.228608 -0.076250 -0.318036 0.228608 -0.414491 0.088489 -0.228733 -0.414491 0.088489 -0.228733 -0.414491 -0.318036 0.228608 -0.414491 -0.318036 
-0.179758 0.375700 0.090872 0.171743 0.375700 0.060472 0.181243 -0.066051 0.060472 -0.189258 -0.066051 0.059522 -0.189258 -0.066051 -0.251129 0.171743 -0.080301 -0.241629 0.171743 -0.484053 0.060472 -0.179758 -0.484053 0.090872 -0.179758 -0.484053 -0.241629 0.171743 -0.484053 -0.241629 
-0.180435 0.363884 0.080798 0.181315 0.363884 0.080798 0.181315 -0.060778 0.080798 -0.180435 -0.060778 0.080798 -0.180435 -0.060778 -0.268527 0.014900 -0.195984 0.080798 0.181315 -0.407305 0.080798 -0.180435 -0.407305 0.080798 -0.180435 -0.407305 -0.268527 0.181315 -0.407305 -0.268527 
-0.192956 0.263583 0.390714 0.204899 0.263583 0.390714 0.204899 -0.004537 0.249182 -0.192956 -0.004537 0.249182 -0.192956 -0.004537 -0.036458 0.204899 -0.004537 -0.035377 0.221955 -0.324550 0.437371 -0.193201 -0.324550 0.437371 -0.193201 -0.324550 -0.012377 0.221955 -0.324550 -0.012377 
0.000000 0.000000 0.000000 0.000000 0.000000 0.000000 0.000000 0.000000 0.000000 0.000000 0.000000 0.000000 0.000000 0.000000 0.000000 0.000000 0.000000 0.000000 0.000000 0.000000 0.000000 0.000000 0.000000 0.000000 0.000000 0.000000 0.000000 0.000000 0.000000 0.000000 
0.000000 0.000000 0.000000 0.000000 0.000000 0.000000 0.000000 0.000000 0.000000 0.000000 0.000000 0.000000 0.000000 0.000000 0.000000 0.000000 0.000000 0.000000 0.000000 0.000000 0.000000 0.000000 0.000000 0.000000 0.000000 0.000000 0.000000 0.000000 0.000000 0.000000 
-0.196735 0.448820 0.165274 0.223978 0.448820 0.165274 0.223978 -0.018241 0.127385 -0.196735 -0.018241 0.127385 -0.196735 -0.015565 -0.129810 0.223978 -0.018241 -0.123875 0.148015 -0.345462 0.051423 -0.120773 -0.345462 0.051423 -0.120773 -0.345462 -0.047912 0.148015 -0.345462 -0.047912 
0.000000 0.000000 0.000000 0.000000 0.000000 0.000000 0.000000 0.000000 0.000000 0.000000 0.000000 0.000000 0.000000 0.000000 0.000000 0.000000 0.000000 0.000000 0.000000 0.000000 0.000000 0.000000 0.000000 0.000000 0.000000 0.000000 0.000000 0.000000 0.000000 0.000000 
0.000000 0.000000 0.000000 0.000000 0.000000 0.000000 0.000000 0.000000 0.000000 0.000000 0.000000 0.000000 0.000000 0.000000 0.000000 0.000000 0.000000 0.000000 0.000000 0.000000 0.000000 0.000000 0.000000 0.000000 0.000000 0.000000 0.000000 0.000000 0.000000 0.000000 
0.000000 0.000000 0.000000 0.000000 0.000000 0.000000 0.000000 0.000000 0.000000 0.000000 0.000000 0.000000 0.000000 0.000000 0.000000 0.000000 0.000000 0.000000 0.000000 0.000000 0.000000 0.000000 0.000000 0.000000 0.000000 0.000000 0.000000 0.000000 0.000000 0.000000 
-0.166916 0.270407 0.015586 0.148985 0.270407 0.015586 0.252665 -0.027996 0.015586 -0.270596 -0.027996 0.015586 -0.270596 -0.027996 -0.333254 0.252665 -0.027996 -0.333254 0.252665 -0.376836 0.131866 -0.270596 -0.376836 0.131866 -0.270596 -0.376836 -0.333254 0.252665 -0.376836 -0.333254 
0.000000 0.000000 0.000000 0.000000 0.000000 0.000000 0.000000 0.000000 0.000000 0.000000 0.000000 0.000000 0.000000 0.000000 0.000000 0.000000 0.000000 0.000000 0.000000 0.000000 0.000000 0.000000 0.000000 0.000000 0.000000 0.000000 0.000000 0.000000 0.000000 0.000000 
0.000000 0.000000 0.000000 0.000000 0.000000 0.000000 0.000000 0.000000 0.000000 0.000000 0.000000 0.000000 0.000000 0.000000 0.000000 0.000000 0.000000 0.000000 0.000000 0.000000 0.000000 0.000000 0.000000 0.000000 0.000000 0.000000 0.000000 0.000000 0.000000 0.000000 
0.000000 0.000000 0.000000 0.000000 0.000000 0.000000 0.000000 0.000000 0.000000 0.000000 0.000000 0.000000 0.000000 0.000000 0.000000 0.000000 0.000000 0.000000 0.000000 0.000000 0.000000 0.000000 0.000000 0.000000 0.000000 0.000000 0.000000 0.000000 0.000000 0.000000 
-0.160034 0.301001 0.207397 0.159171 0.321036 0.203884 0.159171 -0.075846 -0.006591 -0.160034 -0.074349 -0.024321 -0.160034 -0.072224 -0.293071 0.159171 -0.078106 -0.305749 0.254933 -0.340050 0.117810 -0.255795 -0.340044 0.117810 -0.255795 -0.340044 -0.279746 0.254933 -0.340050 -0.279746 
-0.290440 0.336819 0.199192 0.287328 0.336819 0.191488 0.266785 0.060774 0.178649 -0.269897 0.060774 0.178649 -0.290440 0.063342 -0.370869 0.279624 0.060774 -0.370869 0.279624 -0.243517 0.138847 -0.282736 -0.243517 0.138847 -0.282736 -0.243517 -0.369585 0.279445 -0.244159 -0.369585 
-0.145061 0.272999 0.007853 0.142829 0.272999 0.007853 0.175964 -0.222100 0.007853 -0.178197 -0.222100 0.007853 -0.178197 -0.222100 -0.271122 0.175964 -0.222100 -0.271122 0.175964 -0.512796 0.007853 -0.178197 -0.512796 0.007853 -0.178197 -0.512796 -0.271122 0.175964 -0.512796 -0.271122 
0.000000 0.000000 0.000000 0.000000 0.000000 0.000000 0.000000 0.000000 0.000000 0.000000 0.000000 0.000000 0.000000 0.000000 0.000000 0.000000 0.000000 0.000000 0.000000 0.000000 0.000000 0.000000 0.000000 0.000000 0.000000 0.000000 0.000000 0.000000 0.000000 0.000000 
-0.242053 0.254218 -0.019211 0.210381 0.254218 -0.019211 0.210381 -0.155846 -0.019211 -0.242053 -0.155846 -0.019211 -0.242053 -0.155846 -0.465248 0.210381 -0.155846 -0.465248 0.210381 -0.445107 -0.057062 -0.242053 -0.445107 -0.057062 -0.242053 -0.445107 -0.465248 0.210381 -0.445107 -0.465248 
0.000000 0.000000 0.000000 0.000000 0.000000 0.000000 0.000000 0.000000 0.000000 0.000000 0.000000 0.000000 0.000000 0.000000 0.000000 0.000000 0.000000 0.000000 0.000000 0.000000 0.000000 0.000000 0.000000 0.000000 0.000000 0.000000 0.000000 0.000000 0.000000 0.000000 
-0.215779 0.483159 0.243589 0.212902 0.483159 0.243589 0.212902 0.102569 0.150323 -0.215779 0.102569 0.150323 -0.215779 0.102569 -0.230013 0.212902 0.102569 -0.230013 0.249068 -0.174488 0.237135 -0.253940 -0.173972 0.237135 -0.253940 -0.207995 -0.231868 0.249068 -0.208233 -0.231868 
0.000000 0.000000 0.000000 0.000000 0.000000 0.000000 0.000000 0.000000 0.000000 0.000000 0.000000 0.000000 0.000000 0.000000 0.000000 0.000000 0.000000 0.000000 0.000000 0.000000 0.000000 0.000000 0.000000 0.000000 0.000000 0.000000 0.000000 0.000000 0.000000 0.000000 
0.000000 0.000000 0.000000 0.000000 0.000000 0.000000 0.000000 0.000000 0.000000 0.000000 0.000000 0.000000 0.000000 0.000000 0.000000 0.000000 0.000000 0.000000 0.000000 0.000000 0.000000 0.000000 0.000000 0.000000 0.000000 0.000000 0.000000 0.000000 0.000000 0.000000 
0.000000 0.000000 0.000000 0.000000 0.000000 0.000000 0.000000 0.000000 0.000000 0.000000 0.000000 0.000000 0.000000 0.000000 0.000000 0.000000 0.000000 0.000000 0.000000 0.000000 0.000000 0.000000 0.000000 0.000000 0.000000 0.000000 0.000000 0.000000 0.000000 0.000000 
0.000000 0.000000 0.000000 0.000000 0.000000 0.000000 0.000000 0.000000 0.000000 0.000000 0.000000 0.000000 0.000000 0.000000 0.000000 0.000000 0.000000 0.000000 0.000000 0.000000 0.000000 0.000000 0.000000 0.000000 0.000000 0.000000 0.000000 0.000000 0.000000 0.000000 
-0.178199 0.378045 0.178279 0.169365 0.378045 0.178279 0.221445 0.022427 0.200564 -0.184046 0.063994 0.133182 -0.210648 0.022427 -0.272683 0.221445 0.022427 -0.272683 0.221445 -0.337827 0.200564 -0.231224 -0.337827 0.200564 -0.210648 -0.337827 -0.252107 0.200869 -0.337827 -0.252107 
-0.147305 0.183240 0.210295 0.122696 0.183240 0.229175 0.160711 -0.042200 0.134705 -0.171809 -0.017509 0.111455 -0.167424 -0.022599 -0.204278 0.200587 -0.029101 -0.182412 0.165473 -0.423975 0.210641 -0.165793 -0.423975 0.210641 -0.165793 -0.423975 -0.286123 0.165473 -0.423975 -0.286123 
-0.185691 0.247822 0.136062 0.193594 0.246416 0.131981 0.193556 -0.092055 0.042322 -0.188594 -0.092055 0.042322 -0.188594 -0.104095 -0.264329 0.193556 -0.104095 -0.264329 0.238105 -0.451977 0.159851 -0.239696 -0.452887 0.172273 -0.238590 -0.444838 -0.321244 0.241049 -0.451547 -0.320155 
-0.250336 0.220773 0.213950 0.255499 0.220773 0.213950 0.200700 -0.066263 0.113183 -0.195537 -0.066263 0.113183 -0.195537 -0.091739 -0.245854 0.200700 -0.091739 -0.245854 0.238638 -0.476432 0.210776 -0.233475 -0.476432 0.188392 -0.233475 -0.476432 -0.218993 0.238638 -0.476432 -0.196610 
0.000000 0.000000 0.000000 0.000000 0.000000 0.000000 0.000000 0.000000 0.000000 0.000000 0.000000 0.000000 0.000000 0.000000 0.000000 0.000000 0.000000 0.000000 0.000000 0.000000 0.000000 0.000000 0.000000 0.000000 0.000000 0.000000 0.000000 0.000000 0.000000 0.000000 
0.000000 0.000000 0.000000 0.000000 0.000000 0.000000 0.000000 0.000000 0.000000 0.000000 0.000000 0.000000 0.000000 0.000000 0.000000 0.000000 0.000000 0.000000 0.000000 0.000000 0.000000 0.000000 0.000000 0.000000 0.000000 0.000000 0.000000 0.000000 0.000000 0.000000 
0.000000 0.000000 0.000000 0.000000 0.000000 0.000000 0.000000 0.000000 0.000000 0.000000 0.000000 0.000000 0.000000 0.000000 0.000000 0.000000 0.000000 0.000000 0.000000 0.000000 0.000000 0.000000 0.000000 0.000000 0.000000 0.000000 0.000000 0.000000 0.000000 0.000000 
-0.199094 0.473860 0.066348 0.205951 0.473860 0.062580 0.139477 -0.001481 0.091534 -0.154177 -0.001481 0.086881 -0.171532 -0.022472 -0.269885 0.177864 -0.022472 -0.269885 0.152134 -0.330564 0.080909 -0.143093 -0.330564 0.080909 -0.143093 -0.330564 -0.249571 0.152134 -0.330564 -0.249571 
-0.197320 0.315858 0.054433 0.210928 0.315858 0.054433 0.210928 -0.040126 0.054433 -0.197320 -0.040126 0.054433 -0.197320 -0.040126 -0.272166 0.210928 -0.040126 -0.272166 0.210928 -0.448374 0.054433 -0.197320 -0.448374 0.054433 -0.197320 -0.448374 -0.272166 0.210928 -0.448374 -0.272166 
0.000000 0.000000 0.000000 0.000000 0.000000 0.000000 0.000000 0.000000 0.000000 0.000000 0.000000 0.000000 0.000000 0.000000 0.000000 0.000000 0.000000 0.000000 0.000000 0.000000 0.000000 0.000000 0.000000 0.000000 0.000000 0.000000 0.000000 0.000000 0.000000 0.000000 
0.000000 0.000000 0.000000 0.000000 0.000000 0.000000 0.000000 0.000000 0.000000 0.000000 0.000000 0.000000 0.000000 0.000000 0.000000 0.000000 0.000000 0.000000 0.000000 0.000000 0.000000 0.000000 0.000000 0.000000 0.000000 0.000000 0.000000 0.000000 0.000000 0.000000 
0.000000 0.000000 0.000000 0.000000 0.000000 0.000000 0.000000 0.000000 0.000000 0.000000 0.000000 0.000000 0.000000 0.000000 0.000000 0.000000 0.000000 0.000000 0.000000 0.000000 0.000000 0.000000 0.000000 0.000000 0.000000 0.000000 0.000000 0.000000 0.000000 0.000000 
0.000000 0.000000 0.000000 0.000000 0.000000 0.000000 0.000000 0.000000 0.000000 0.000000 0.000000 0.000000 0.000000 0.000000 0.000000 0.000000 0.000000 0.000000 0.000000 0.000000 0.000000 0.000000 0.000000 0.000000 0.000000 0.000000 0.000000 0.000000 0.000000 0.000000 
0.000000 0.000000 0.000000 0.000000 0.000000 0.000000 0.000000 0.000000 0.000000 0.000000 0.000000 0.000000 0.000000 0.000000 0.000000 0.000000 0.000000 0.000000 0.000000 0.000000 0.000000 0.000000 0.000000 0.000000 0.000000 0.000000 0.000000 0.000000 0.000000 0.000000 
-0.223058 0.328407 0.219510 0.223697 0.337167 0.203085 0.209736 0.030297 0.146146 -0.209097 0.030297 0.164761 -0.190482 0.030297 -0.211701 0.191121 0.030297 -0.207535 0.211597 -0.402496 0.148007 -0.210958 -0.402496 0.162899 -0.192343 -0.402496 -0.205673 0.203221 -0.402496 -0.205673 
0.000000 0.000000 0.000000 0.000000 0.000000 0.000000 0.000000 0.000000 0.000000 0.000000 0.000000 0.000000 0.000000 0.000000 0.000000 0.000000 0.000000 0.000000 0.000000 0.000000 0.000000 0.000000 0.000000 0.000000 0.000000 0.000000 0.000000 0.000000 0.000000 0.000000 
-0.282715 0.188335 0.233742 0.305183 0.191524 0.198495 0.217353 -0.053635 0.103471 -0.202920 -0.053635 0.119617 -0.220728 -0.053635 -0.343921 0.199546 -0.053635 -0.360066 0.304796 -0.313408 0.188414 -0.283588 -0.313408 0.211018 -0.304783 -0.313408 -0.340692 0.255476 -0.313408 -0.328475 
0.000000 0.000000 0.000000 0.000000 0.000000 0.000000 0.000000 0.000000 0.000000 0.000000 0.000000 0.000000 0.000000 0.000000 0.000000 0.000000 0.000000 0.000000 0.000000 0.000000 0.000000 0.000000 0.000000 0.000000 0.000000 0.000000 0.000000 0.000000 0.000000 0.000000 
0.000000 0.000000 0.000000 0.000000 0.000000 0.000000 0.000000 0.000000 0.000000 0.000000 0.000000 0.000000 0.000000 0.000000 0.000000 0.000000 0.000000 0.000000 0.000000 0.000000 0.000000 0.000000 0.000000 0.000000 0.000000 0.000000 0.000000 0.000000 0.000000 0.000000 
0.000000 0.000000 0.000000 0.000000 0.000000 0.000000 0.000000 0.000000 0.000000 0.000000 0.000000 0.000000 0.000000 0.000000 0.000000 0.000000 0.000000 0.000000 0.000000 0.000000 0.000000 0.000000 0.000000 0.000000 0.000000 0.000000 0.000000 0.000000 0.000000 0.000000 
-0.196699 0.253393 0.040471 0.192496 0.253393 0.040471 0.192496 -0.102716 0.040471 -0.196699 -0.102716 0.040471 -0.196699 -0.102716 -0.337467 0.192496 -0.102716 -0.337467 0.192496 -0.453684 0.029012 -0.196699 -0.453684 0.029012 -0.196699 -0.453684 -0.337467 0.192496 -0.453684 -0.337467 
-0.170571 0.405236 0.078532 0.190044 0.394588 0.078532 0.178118 -0.009275 0.078532 -0.182496 0.001374 0.115378 -0.182496 0.001374 -0.298566 0.178118 -0.009275 -0.292947 0.178118 -0.422872 0.118709 -0.135924 -0.422872 0.115378 -0.135924 -0.422872 -0.298566 0.178118 -0.422872 -0.292947 
0.000000 0.000000 0.000000 0.000000 0.000000 0.000000 0.000000 0.000000 0.000000 0.000000 0.000000 0.000000 0.000000 0.000000 0.000000 0.000000 0.000000 0.000000 0.000000 0.000000 0.000000 0.000000 0.000000 0.000000 0.000000 0.000000 0.000000 0.000000 0.000000 0.000000 
0.000000 0.000000 0.000000 0.000000 0.000000 0.000000 0.000000 0.000000 0.000000 0.000000 0.000000 0.000000 0.000000 0.000000 0.000000 0.000000 0.000000 0.000000 0.000000 0.000000 0.000000 0.000000 0.000000 0.000000 0.000000 0.000000 0.000000 0.000000 0.000000 0.000000 
-0.325854 0.384214 0.120687 0.257117 0.384214 0.120687 0.257117 0.138383 0.120687 -0.325854 0.138383 0.120687 -0.325854 0.138383 -0.318480 0.257117 0.138383 -0.318480 0.277978 -0.134139 0.263676 -0.346926 -0.134139 0.238630 -0.346926 -0.133436 -0.318480 0.277978 -0.133436 -0.319295 
-0.189645 0.379205 0.112098 0.188870 0.382649 0.080380 0.157576 0.032467 0.048663 -0.159601 0.032467 0.048663 -0.159601 0.032467 -0.236797 0.157576 0.032467 -0.236797 0.157576 -0.424847 0.143816 -0.159601 -0.424847 0.112098 -0.159601 -0.424847 -0.300233 0.157576 -0.424847 -0.300233 
0.000000 0.000000 0.000000 0.000000 0.000000 0.000000 0.000000 0.000000 0.000000 0.000000 0.000000 0.000000 0.000000 0.000000 0.000000 0.000000 0.000000 0.000000 0.000000 0.000000 0.000000 0.000000 0.000000 0.000000 0.000000 0.000000 0.000000 0.000000 0.000000 0.000000 
-0.276629 0.280292 0.178688 0.281220 0.280292 0.201437 0.276517 -0.073430 0.173984 -0.271926 -0.073430 0.173984 -0.271926 -0.084804 -0.355759 0.276517 -0.084804 -0.355759 0.281220 -0.330507 0.201437 -0.276629 -0.309337 0.201437 -0.276629 -0.330507 -0.360462 0.281220 -0.330507 -0.360462 
-0.182286 0.336276 0.279888 0.177108 0.314428 0.294519 0.145162 -0.105106 0.166003 -0.150340 -0.105106 0.166003 -0.170083 -0.096301 -0.185426 0.168548 -0.101709 -0.189910 0.205696 -0.275867 0.288490 -0.209853 -0.263055 0.284051 -0.209853 -0.281302 -0.245330 0.205696 -0.281302 -0.245330 
0.000000 0.000000 0.000000 0.000000 0.000000 0.000000 0.000000 0.000000 0.000000 0.000000 0.000000 0.000000 0.000000 0.000000 0.000000 0.000000 0.000000 0.000000 0.000000 0.000000 0.000000 0.000000 0.000000 0.000000 0.000000 0.000000 0.000000 0.000000 0.000000 0.000000 
0.000000 0.000000 0.000000 0.000000 0.000000 0.000000 0.000000 0.000000 0.000000 0.000000 0.000000 0.000000 0.000000 0.000000 0.000000 0.000000 0.000000 0.000000 0.000000 0.000000 0.000000 0.000000 0.000000 0.000000 0.000000 0.000000 0.000000 0.000000 0.000000 0.000000 
-0.194911 0.434088 0.091038 0.187322 0.443978 0.091038 0.167422 0.011017 0.111399 -0.195466 0.033510 0.063890 -0.183393 0.033510 -0.299339 0.169579 0.004771 -0.248942 0.181252 -0.348154 0.106687 -0.172010 -0.345997 0.090767 -0.188775 -0.344767 -0.254036 0.185964 -0.342234 -0.276357 
-0.253229 0.196483 0.091484 0.266288 0.196483 0.056958 0.220885 -0.145003 0.027906 -0.220760 -0.150628 -0.000943 -0.219974 -0.147229 -0.393069 0.240261 -0.141745 -0.385127 0.266288 -0.459679 0.050186 -0.253229 -0.459679 0.057028 -0.253229 -0.459679 -0.401678 0.266288 -0.459679 -0.401678 
0.000000 0.000000 0.000000 0.000000 0.000000 0.000000 0.000000 0.000000 0.000000 0.000000 0.000000 0.000000 0.000000 0.000000 0.000000 0.000000 0.000000 0.000000 0.000000 0.000000 0.000000 0.000000 0.000000 0.000000 0.000000 0.000000 0.000000 0.000000 0.000000 0.000000 
0.000000 0.000000 0.000000 0.000000 0.000000 0.000000 0.000000 0.000000 0.000000 0.000000 0.000000 0.000000 0.000000 0.000000 0.000000 0.000000 0.000000 0.000000 0.000000 0.000000 0.000000 0.000000 0.000000 0.000000 0.000000 0.000000 0.000000 0.000000 0.000000 0.000000 
0.000000 0.000000 0.000000 0.000000 0.000000 0.000000 0.000000 0.000000 0.000000 0.000000 0.000000 0.000000 0.000000 0.000000 0.000000 0.000000 0.000000 0.000000 0.000000 0.000000 0.000000 0.000000 0.000000 0.000000 0.000000 0.000000 0.000000 0.000000 0.000000 0.000000 
0.000000 0.000000 0.000000 0.000000 0.000000 0.000000 0.000000 0.000000 0.000000 0.000000 0.000000 0.000000 0.000000 0.000000 0.000000 0.000000 0.000000 0.000000 0.000000 0.000000 0.000000 0.000000 0.000000 0.000000 0.000000 0.000000 0.000000 0.000000 0.000000 0.000000 
-0.183231 0.283459 0.053254 0.185242 0.282313 0.053254 0.161211 -0.204294 0.112759 -0.161489 -0.204294 0.112759 -0.161489 -0.249796 -0.183207 0.161211 -0.204294 -0.247706 0.161211 -0.470651 0.053672 -0.161489 -0.470651 0.053672 -0.161489 -0.470651 -0.307211 0.161211 -0.470651 -0.308356 
0.000000 0.000000 0.000000 0.000000 0.000000 0.000000 0.000000 0.000000 0.000000 0.000000 0.000000 0.000000 0.000000 0.000000 0.000000 0.000000 0.000000 0.000000 0.000000 0.000000 0.000000 0.000000 0.000000 0.000000 0.000000 0.000000 0.000000 0.000000 0.000000 0.000000 
0.000000 0.000000 0.000000 0.000000 0.000000 0.000000 0.000000 0.000000 0.000000 0.000000 0.000000 0.000000 0.000000 0.000000 0.000000 0.000000 0.000000 0.000000 0.000000 0.000000 0.000000 0.000000 0.000000 0.000000 0.000000 0.000000 0.000000 0.000000 0.000000 0.000000 
-0.198198 0.257119 0.126966 0.184244 0.257119 0.126966 0.184244 -0.029713 0.088721 -0.198198 -0.029713 0.088721 -0.198198 -0.067958 -0.236310 0.184244 -0.029713 -0.265041 0.222489 -0.440840 0.022132 -0.198198 -0.440840 0.022132 -0.198198 -0.440840 -0.384210 0.222489 -0.440840 -0.384210 
0.000000 0.000000 0.000000 0.000000 0.000000 0.000000 0.000000 0.000000 0.000000 0.000000 0.000000 0.000000 0.000000 0.000000 0.000000 0.000000 0.000000 0.000000 0.000000 0.000000 0.000000 0.000000 0.000000 0.000000 0.000000 0.000000 0.000000 0.000000 0.000000 0.000000 
0.000000 0.000000 0.000000 0.000000 0.000000 0.000000 0.000000 0.000000 0.000000 0.000000 0.000000 0.000000 0.000000 0.000000 0.000000 0.000000 0.000000 0.000000 0.000000 0.000000 0.000000 0.000000 0.000000 0.000000 0.000000 0.000000 0.000000 0.000000 0.000000 0.000000 
-0.144411 0.499607 0.022222 0.143258 0.499607 0.021769 0.166275 0.022768 0.077887 -0.152996 0.022768 0.071863 -0.174972 0.022768 -0.254888 0.172977 0.022768 -0.254888 0.166162 -0.277686 0.059600 -0.168810 -0.277686 0.059600 -0.168810 -0.277686 -0.248725 0.166162 -0.277686 -0.248725 
-0.199720 0.417309 0.084163 0.199719 0.417309 0.084163 0.199719 0.000554 0.084163 -0.199720 0.000554 0.084163 -0.199720 0.000554 -0.241483 0.150375 -0.029557 -0.178332 0.199719 -0.416200 0.084163 -0.199720 -0.416200 0.084163 -0.199720 -0.416200 -0.241483 0.199719 -0.416200 -0.241483 
0.000000 0.000000 0.000000 0.000000 0.000000 0.000000 0.000000 0.000000 0.000000 0.000000 0.000000 0.000000 0.000000 0.000000 0.000000 0.000000 0.000000 0.000000 0.000000 0.000000 0.000000 0.000000 0.000000 0.000000 0.000000 0.000000 0.000000 0.000000 0.000000 0.000000 
